2018 100 23  0    6.37    5.55    2.87   -1.25
2018 100 23  1    6.46    5.81    2.55   -1.17
2018 100 23  2    6.49    5.65    2.80   -1.41
2018 100 23  3    6.49    5.70    2.81   -1.28
2018 100 23  4    6.48    5.68    2.75   -1.48
2018 100 23  5    6.51    5.77    2.78   -1.14
2018 100 23  6    6.42    5.48    2.04   -2.25
2018 100 23  7    6.51    5.86    2.57   -1.13
2018 100 23  8    6.31    4.57    1.49   -1.81
2018 100 23  9    6.39    5.04    2.54   -2.13
2018 100 23 10    6.07    3.03    0.17   -3.30
2018 100 23 11    6.32    5.68    1.70   -2.12
2018 100 23 12    6.36    5.92    1.30   -1.91
2018 100 23 13    6.15    5.53    1.01   -2.45
2018 100 23 14    5.78    1.50   -0.64   -4.19
2018 100 23 15    5.60   -0.88   -1.68   -5.26
2018 100 23 16    5.62   -1.02   -1.61   -5.27
2018 100 23 17    5.62   -1.04   -1.55   -5.27
2018 100 23 18    5.74   -0.60   -1.51   -5.49
2018 100 23 19    5.52    0.34   -0.95   -5.30
2018 100 23 20    5.62    1.70    0.95   -4.39
2018 100 23 21    6.07    3.39    0.15   -4.52
2018 100 23 22    6.28    4.83    0.02   -4.02
2018 100 23 23    6.15    4.57    0.35   -3.98
2018 100 23 24    5.98    3.68   -0.13   -4.50
2018 100 23 25    6.04    4.04    0.22   -4.31
2018 100 23 26    6.16    4.51    0.77   -4.07
2018 100 23 27    6.09    4.11    0.58   -4.19
2018 100 23 28    6.03    3.75    0.15   -4.18
2018 100 23 29    6.08    4.26    1.15   -3.98
2018 100 23 30    6.17    4.77    0.98   -3.66
2018 100 23 31    6.02    4.61    0.78   -3.70
2018 100 23 32    5.77    3.63    0.47   -4.14
2018 100 23 33    5.76    4.45    1.44   -3.16
2018 100 23 34    6.21    5.21    1.85   -2.64
2018 100 23 35    6.44    5.63    2.31   -2.13
2018 100 23 36    6.39    5.71    2.39   -1.55
2018 100 23 37    6.48    5.71    2.59   -1.59
2018 100 23 38    6.51    5.67    2.04   -2.25
2018 100 23 39    6.46    5.53    1.40   -2.97
2018 100 23 40    6.50    5.64    1.20   -3.00
2018 100 23 41    6.48    5.51    1.48   -3.06
2018 100 23 42    6.47    5.56    1.39   -2.99
2018 100 23 43    6.45    5.55    1.65   -2.81
2018 100 23 44    6.46    5.42    1.80   -2.99
2018 100 23 45    6.49    5.74    1.46   -2.60
2018 100 23 46    6.47    5.81    0.99   -2.55
2018 100 23 47    6.44    5.94    0.36   -2.45
2018 100 23 48    6.49    5.97    0.43   -2.47
2018 100 23 49    6.51    5.91    1.02   -2.51
2018 100 23 50    6.51    5.78    0.84   -2.85
2018 100 23 51    6.51    5.68    1.05   -2.91
2018 100 23 52    6.50    5.28    2.64   -2.64
2018 100 23 53    6.26    5.20    2.29   -2.13
2018 100 23 54    6.61    5.66    1.94   -2.81
2018 100 23 55    6.34    5.07    2.85   -1.64
2018 100 23 56    6.07    4.68    1.10   -3.13
2018 100 23 57    5.97    4.70    1.81   -2.05
2018 100 23 58    5.60    4.35    1.84   -1.39
2018 100 23 59    5.89    4.95    2.47   -0.23
2018 101  0  0    6.00    4.76    2.76   -1.27
2018 101  0  1    6.42    5.17    2.49   -2.36
2018 101  0  2    5.92    4.02    1.60   -1.11
2018 101  0  3    5.66    4.65    0.93   -1.57
2018 101  0  4    5.67    4.46    0.86   -1.54
2018 101  0  5    5.61    4.82    0.27   -2.07
2018 101  0  6    5.59    4.89    0.32   -1.53
2018 101  0  7    5.97    5.19    1.10   -1.32
2018 101  0  8    5.62    5.14   -0.34   -1.07
2018 101  0  9    5.83    4.23    1.37   -0.52
2018 101  0 10    5.46    2.83    3.28    2.77
2018 101  0 11    5.72    4.81    1.12    0.56
2018 101  0 12    5.58    4.71   -1.79    0.43
2018 101  0 13    5.25    4.57   -1.62    0.17
2018 101  0 14    4.98    4.34   -0.84   -1.88
2018 101  0 15    4.87    4.37   -1.62   -1.00
2018 101  0 16    4.88    4.42   -0.98   -1.39
2018 101  0 17    5.07    4.50   -1.14   -0.63
2018 101  0 18    4.73    4.27   -1.86   -0.59
2018 101  0 19    4.92    4.62   -1.67   -0.36
2018 101  0 20    4.94    4.64   -1.66   -0.34
2018 101  0 21    4.99    4.69   -1.66   -0.33
2018 101  0 22    5.36    4.98    0.01   -0.58
2018 101  0 23    5.73    5.36    2.00   -0.15
2018 101  0 24    4.93    4.53   -1.63   -1.01
2018 101  0 25    4.82    4.07   -1.86   -1.63
2018 101  0 26    4.49    3.42   -2.64   -1.06
2018 101  0 27    4.61    4.13   -1.88   -0.46
2018 101  0 28    4.62    4.36   -1.18   -0.93
2018 101  0 29    4.62    4.36   -1.18   -0.93
2018 101  0 30    4.64    4.51   -0.60   -0.88
2018 101  0 31    4.65    4.46   -0.71   -1.08
2018 101  0 32    4.71    4.29   -1.70   -0.80
2018 101  0 33    4.76    4.04   -2.45   -0.46
2018 101  0 34    4.74    3.93   -2.55   -0.70
2018 101  0 35    4.74    3.91   -2.58   -0.65
2018 101  0 36    4.74    3.93   -2.54   -0.65
2018 101  0 37    4.76    4.41   -1.65   -0.59
2018 101  0 38    4.78    4.64   -0.81   -0.76
2018 101  0 39    4.68    4.62   -0.58   -0.41
2018 101  0 40    4.75    4.72   -0.36   -0.31
2018 101  0 41    4.77    4.74   -0.46   -0.02
2018 101  0 42    4.73    4.66   -0.22    0.64
2018 101  0 43    4.60    4.56   -0.11    0.26
2018 101  0 44    4.62    4.58   -0.07   -0.51
2018 101  0 45    4.70    4.62   -0.14   -0.76
2018 101  0 46    4.71    4.65   -0.25   -0.56
2018 101  0 47    4.72    4.63   -0.53   -0.68
2018 101  0 48    4.70    4.60   -0.81   -0.28
2018 101  0 49    4.78    4.64   -1.07   -0.27
2018 101  0 50    4.89    4.73   -1.21   -0.36
2018 101  0 51    4.92    4.83   -0.57   -0.65
2018 101  0 52    4.92    4.90   -0.02   -0.24
2018 101  0 53    4.82    4.80   -0.04    0.36
2018 101  0 54    4.67    4.59   -0.06    0.72
2018 101  0 55    4.72    4.65    0.37    0.61
2018 101  0 56    4.60    4.50    0.53    0.72
2018 101  0 57    4.14    3.95    0.16    1.19
2018 101  0 58    4.32    3.92   -0.28    1.71
2018 101  0 59    4.55    3.67   -1.48    2.23
2018 101  1  0    4.27    2.84   -2.22    2.20
2018 101  1  1    4.48    2.35   -3.24    1.97
2018 101  1  2    4.43    1.69   -3.52    1.93
2018 101  1  3    5.77    0.75   -5.60    0.20
2018 101  1  4    5.74    0.31   -5.71    0.47
2018 101  1  5    5.72    0.96   -5.54    0.40
2018 101  1  6    5.70    1.21   -5.37    1.30
2018 101  1  7    5.43    1.58   -4.92    1.07
2018 101  1  8    5.55    1.38   -5.11    1.14
2018 101  1  9    5.45    0.86   -5.10    1.51
2018 101  1 10    5.51    1.36   -5.23    0.50
2018 101  1 11    5.55    1.32   -5.24   -0.07
2018 101  1 12    5.45    1.27   -5.15    0.91
2018 101  1 13    5.42    1.18   -5.04    1.07
2018 101  1 14    5.15    0.83   -4.52    1.00
2018 101  1 15    5.20    0.70   -4.87    1.59
2018 101  1 16    5.38    0.25   -5.21   -0.24
2018 101  1 17    5.31    0.87   -5.14    0.22
2018 101  1 18 9999.99 9999.99 9999.99 9999.99
2018 101  1 19 9999.99 9999.99 9999.99 9999.99
2018 101  1 20    5.43    1.64   -5.15    0.27
2018 101  1 21 9999.99 9999.99 9999.99 9999.99
2018 101  1 22 9999.99 9999.99 9999.99 9999.99
2018 101  1 23    5.65    1.30   -5.50   -0.19
2018 101  1 24    5.65    1.30   -5.50   -0.18
2018 101  1 25 9999.99 9999.99 9999.99 9999.99
2018 101  1 26 9999.99 9999.99 9999.99 9999.99
2018 101  1 27    5.71    1.34   -5.54   -0.33
2018 101  1 28 9999.99 9999.99 9999.99 9999.99
2018 101  1 29 9999.99 9999.99 9999.99 9999.99
2018 101  1 30 9999.99 9999.99 9999.99 9999.99
2018 101  1 31    5.36    1.12   -5.20   -0.51
2018 101  1 32 9999.99 9999.99 9999.99 9999.99
2018 101  1 33 9999.99 9999.99 9999.99 9999.99
2018 101  1 34    4.85    1.08   -4.64   -0.68
2018 101  1 35 9999.99 9999.99 9999.99 9999.99
2018 101  1 36 9999.99 9999.99 9999.99 9999.99
2018 101  1 37 9999.99 9999.99 9999.99 9999.99
2018 101  1 38    4.75    1.60   -4.35   -0.40
2018 101  1 39    5.91    2.70    0.78    5.19
2018 101  1 40 9999.99 9999.99 9999.99 9999.99
2018 101  1 41    5.86    3.20    1.20    4.72
2018 101  1 42 9999.99 9999.99 9999.99 9999.99
2018 101  1 43    5.33    2.54   -1.90    1.94
2018 101  1 44 9999.99 9999.99 9999.99 9999.99
2018 101  1 45    4.91    3.74   -0.05    2.33
2018 101  1 46    4.70    2.76    0.42    1.26
2018 101  1 47    5.16    2.83    1.25    1.70
2018 101  1 48    5.16    2.84    1.27    1.08
2018 101  1 49    4.66    3.14    0.44    1.54
2018 101  1 50    4.31    3.77   -0.29    0.74
2018 101  1 51    4.40    3.67    1.45    0.81
2018 101  1 52    5.77    4.62   -0.12    3.44
2018 101  1 53    5.65    4.42    1.05    2.86
2018 101  1 54    5.44    3.79    1.03    3.67
2018 101  1 55    5.62    4.40    2.11    2.37
2018 101  1 56    5.54    4.30    2.40    2.20
2018 101  1 57    5.40    4.08    1.43    2.70
2018 101  1 58    5.28    4.28    1.31    2.20
2018 101  1 59    5.18    3.29    2.08    2.81
2018 101  2  0    5.16    2.61    2.19    3.29
2018 101  2  1    5.17    2.65    2.60    3.04
2018 101  2  2    5.57    4.46    0.43    1.55
2018 101  2  3    5.51    4.23   -1.51   -0.70
2018 101  2  4    5.60    4.64    1.63    1.00
2018 101  2  5    5.81    4.53   -0.02    0.18
2018 101  2  6    5.70    4.28   -1.64   -0.62
2018 101  2  7    5.83    4.71   -0.13    0.56
2018 101  2  8    5.62    4.43   -0.06    0.74
2018 101  2  9    5.56    3.67    1.23    1.43
2018 101  2 10    5.88    3.82   -2.58   -0.66
2018 101  2 11    5.76    1.70   -2.97   -2.53
2018 101  2 12    6.15    0.81   -3.18   -3.07
2018 101  2 13    5.96    1.13   -2.69   -2.47
2018 101  2 14    6.12    0.35   -3.59   -3.16
2018 101  2 15    5.81    4.25    1.08    1.42
2018 101  2 16    5.76    4.73    1.87    2.68
2018 101  2 17    5.82    3.72    0.02    0.98
2018 101  2 18    5.71    4.60    1.73    2.89
2018 101  2 19    5.71    3.51   -0.42    0.73
2018 101  2 20    5.99    3.36   -0.15    0.39
2018 101  2 21    5.95    3.13   -1.25   -0.30
2018 101  2 22    5.95    5.11    1.50    2.64
2018 101  2 23    5.84    3.90   -0.61    0.98
2018 101  2 24    5.72    4.94    1.16    2.62
2018 101  2 25    5.78    3.95   -1.03    1.13
2018 101  2 26    5.72    4.56    0.59    3.21
2018 101  2 27    5.80    1.85   -4.67   -2.05
2018 101  2 28    5.59    2.40   -4.02   -1.05
2018 101  2 29    5.64    3.96   -0.71    1.44
2018 101  2 30    5.62   -0.41   -1.41    1.02
2018 101  2 31    5.63    4.97    0.72    2.54
2018 101  2 32    5.79    1.81   -4.79   -2.63
2018 101  2 33    5.64    4.29    0.74    2.17
2018 101  2 34    6.08    2.28   -4.62   -3.19
2018 101  2 35    6.11    1.99   -4.41   -3.62
2018 101  2 36    5.66    3.65   -1.23    0.17
2018 101  2 37    5.62    2.42    1.42    3.69
2018 101  2 38    6.14    2.76   -4.54   -2.99
2018 101  2 39    6.09    4.10   -1.62   -0.57
2018 101  2 40    5.97    0.40   -1.10    0.65
2018 101  2 41    6.47    3.49   -4.45   -3.13
2018 101  2 42    6.05    1.80   -0.17    1.30
2018 101  2 43    5.89   -1.03    0.36    2.22
2018 101  2 44    6.29    1.01   -1.60   -0.53
2018 101  2 45    5.95    0.26   -0.41   -0.16
2018 101  2 46    5.75    0.07    0.44    0.91
2018 101  2 47    6.17    2.33   -3.47   -4.25
2018 101  2 48    6.03    2.24   -0.77    1.28
2018 101  2 49    6.44    3.12   -2.68   -0.81
2018 101  2 50    5.89    1.01    0.59    2.44
2018 101  2 51    5.96    0.47   -0.04    1.17
2018 101  2 52    5.80   -0.17   -0.48    0.25
2018 101  2 53    5.86    2.15   -0.94    1.61
2018 101  2 54    6.05    3.18   -2.22   -0.31
2018 101  2 55    6.05    3.12   -2.53   -0.50
2018 101  2 56    6.02    2.04   -2.07    0.72
2018 101  2 57    6.15    1.78   -2.21    0.31
2018 101  2 58    6.46    2.99   -2.93   -1.19
2018 101  2 59    6.51    2.96   -3.09   -1.19
2018 101  3  0    6.24    1.70   -1.97    0.35
2018 101  3  1    6.62    1.92   -3.32   -5.36
2018 101  3  2    6.67    1.76   -3.07   -5.64
2018 101  3  3    6.77    2.23   -3.84   -5.10
2018 101  3  4    6.17    0.50   -1.90    0.95
2018 101  3  5    6.19    1.27   -4.09   -4.37
2018 101  3  6    6.29    1.11   -4.33   -4.29
2018 101  3  7    6.29    0.91   -3.99   -4.67
2018 101  3  8    6.11    0.98   -2.74   -1.14
2018 101  3  9    6.29    1.61   -4.25   -4.04
2018 101  3 10    6.05    1.86   -4.06   -3.91
2018 101  3 11    5.41    2.31   -3.21   -3.42
2018 101  3 12    4.83    0.19   -0.02    1.82
2018 101  3 13    5.55   -0.49   -2.46   -1.99
2018 101  3 14    6.38   -0.60   -1.86   -4.02
2018 101  3 15 9999.99 9999.99 9999.99 9999.99
2018 101  3 16    5.78    1.00   -3.70   -4.09
2018 101  3 17    6.25    1.24   -4.46   -4.16
2018 101  3 18    5.47    1.87   -3.69   -1.49
2018 101  3 19    4.79    1.28   -2.20   -1.58
2018 101  3 20    4.91   -0.31   -2.05   -1.27
2018 101  3 21    5.44    0.27   -3.39   -1.19
2018 101  3 22    5.89    0.77   -4.10   -4.03
2018 101  3 23    5.34    1.56   -3.57   -3.30
2018 101  3 24    6.29    0.90   -3.61   -5.03
2018 101  3 25    5.34    1.27   -3.37   -3.63
2018 101  3 26    4.06    1.09   -0.95    0.85
2018 101  3 27    5.18    0.99   -0.72    1.36
2018 101  3 28    4.72    1.77   -1.45    1.57
2018 101  3 29    5.07    1.64   -0.84    4.59
2018 101  3 30    4.70    1.43    0.28    4.24
2018 101  3 31    4.92    0.78   -2.27    4.16
2018 101  3 32    5.42    1.53   -2.44    0.45
2018 101  3 33    5.00    1.59   -1.56    0.06
2018 101  3 34    4.58    1.15   -1.19    1.52
2018 101  3 35    3.35    0.92   -0.02    2.31
2018 101  3 36    4.31    1.35    0.24    3.69
2018 101  3 37    5.26    2.15   -2.01    4.34
2018 101  3 38    5.22    2.79   -2.59    3.55
2018 101  3 39    5.37    2.79   -2.68    3.69
2018 101  3 40    5.59    1.98   -4.24    2.14
2018 101  3 41    5.30    2.19   -4.54   -0.15
2018 101  3 42    4.83    1.89   -2.63   -3.56
2018 101  3 43    4.60    1.52   -2.44   -3.01
2018 101  3 44    4.63    1.21   -2.49   -3.33
2018 101  3 45    5.58    0.37   -2.22   -4.96
2018 101  3 46    5.65    0.29   -2.90   -4.76
2018 101  3 47    5.42    0.61   -2.64   -4.66
2018 101  3 48    5.27   -0.28   -2.77   -4.39
2018 101  3 49    5.18   -0.98   -2.28   -4.49
2018 101  3 50    5.30    0.10   -2.56   -4.49
2018 101  3 51    5.76    0.71   -4.29   -3.37
2018 101  3 52    6.15   -0.51   -5.27   -2.98
2018 101  3 53    6.24   -0.58   -4.97   -3.71
2018 101  3 54    5.85    0.00   -4.38   -3.77
2018 101  3 55    5.42    0.78   -4.22   -2.21
2018 101  3 56    5.65    0.10   -3.70   -3.84
2018 101  3 57    4.85    1.75   -2.89   -2.78
2018 101  3 58    4.59    2.52   -3.01    1.93
2018 101  3 59    4.69    1.91   -3.17    2.68
2018 101  4  0    4.53    1.66   -3.89    1.36
2018 101  4  1    4.44    1.74   -3.48   -0.56
2018 101  4  2    4.63    0.41   -3.46   -2.92
2018 101  4  3    5.21   -0.94   -2.26   -4.56
2018 101  4  4    5.12   -0.73   -2.19   -4.53
2018 101  4  5    5.03   -0.13   -2.77   -4.08
2018 101  4  6    4.98    0.29   -3.95   -2.86
2018 101  4  7    5.24    1.00   -3.73   -3.51
2018 101  4  8    5.25    0.99   -3.12   -4.08
2018 101  4  9    5.51    1.26   -3.40   -4.01
2018 101  4 10    5.45    1.21   -3.70   -3.75
2018 101  4 11    5.22    1.63   -1.69   -4.59
2018 101  4 12    4.85    2.06    0.27   -4.18
2018 101  4 13    4.78    2.13    0.61   -4.11
2018 101  4 14    4.72    2.07    1.34   -4.01
2018 101  4 15    4.97    1.55    0.58   -4.20
2018 101  4 16    4.74    1.22    1.67   -4.21
2018 101  4 17    4.73    1.15    1.74   -4.19
2018 101  4 18    4.68    0.86    2.04   -4.11
2018 101  4 19    4.72    1.53    1.56   -4.13
2018 101  4 20    4.65    2.45    0.78   -3.83
2018 101  4 21    4.57    2.50    0.65   -3.65
2018 101  4 22 9999.99 9999.99 9999.99 9999.99
2018 101  4 23    4.68    2.73   -0.91   -3.67
2018 101  4 24    4.71    3.00   -1.32   -3.34
2018 101  4 25    4.71    2.38   -1.37   -3.48
2018 101  4 26    5.08    1.63   -0.88   -4.61
2018 101  4 27    5.22    1.93   -0.26   -4.78
2018 101  4 28    4.94    1.85    1.41   -4.24
2018 101  4 29    5.02    1.49    1.04   -4.60
2018 101  4 30    4.77    1.09    1.83   -4.19
2018 101  4 31    4.87    0.74    0.80   -4.73
2018 101  4 32    5.10    0.67    0.60   -5.00
2018 101  4 33    5.27    0.81   -0.02   -5.18
2018 101  4 34    5.31    0.72   -0.18   -5.23
2018 101  4 35    4.86    2.25    0.03   -4.01
2018 101  4 36    4.46    2.73    0.31   -3.28
2018 101  4 37    3.77    1.67   -0.51   -2.78
2018 101  4 38    3.32    1.17   -0.70   -2.82
2018 101  4 39    3.64    1.17    0.80   -2.94
2018 101  4 40    4.68    1.47    1.78   -3.26
2018 101  4 41    4.83    1.97    0.93   -3.62
2018 101  4 42    4.83    0.60   -1.30   -4.12
2018 101  4 43    4.61    1.89    1.97   -2.36
2018 101  4 44    3.93    0.68   -0.98   -3.49
2018 101  4 45    4.66    2.21    2.08   -1.58
2018 101  4 46    4.52    1.72    1.36   -1.64
2018 101  4 47    4.75    2.37    2.70   -0.93
2018 101  4 48    4.71    1.61    1.86   -1.86
2018 101  4 49    4.90    3.29    3.02   -0.55
2018 101  4 50    4.90    2.52    2.90   -0.97
2018 101  4 51    5.45    2.64    1.85   -3.54
2018 101  4 52    5.11    2.68    2.51   -1.82
2018 101  4 53    5.07    1.88    0.77   -3.08
2018 101  4 54    5.08    2.07   -0.17   -4.01
2018 101  4 55    4.94    2.19    0.14   -3.31
2018 101  4 56    5.18    2.76    0.57   -3.28
2018 101  4 57    3.85   -1.31   -3.11   -1.08
2018 101  4 58    4.29    1.08   -3.94   -0.70
2018 101  4 59    5.46    1.86   -4.15   -2.96
2018 101  5  0    5.30    1.68   -1.64   -3.85
2018 101  5  1    5.36    1.79   -4.33   -2.47
2018 101  5  2    5.37    1.19   -4.16   -3.13
2018 101  5  3    5.28    1.44   -3.76   -3.34
2018 101  5  4    5.22    1.39   -3.79   -3.29
2018 101  5  5 9999.99 9999.99 9999.99 9999.99
2018 101  5  6    5.25    1.20   -3.65   -3.55
2018 101  5  7 9999.99 9999.99 9999.99 9999.99
2018 101  5  8    5.13    0.87   -2.97   -4.07
2018 101  5  9 9999.99 9999.99 9999.99 9999.99
2018 101  5 10    5.20    1.96   -1.44   -1.05
2018 101  5 11    5.11    3.24   -0.09    2.34
2018 101  5 12    5.11    3.78    0.89    3.32
2018 101  5 13    5.04    3.71    0.91    3.29
2018 101  5 14    5.04    4.02    0.74    2.87
2018 101  5 15    5.03    2.67   -0.36    1.25
2018 101  5 16    4.95    3.74    0.07    2.60
2018 101  5 17    4.89    2.95   -1.22    0.70
2018 101  5 18    5.14    2.55   -1.89   -0.21
2018 101  5 19    5.38    1.00   -3.33   -2.15
2018 101  5 20    4.91    2.63   -2.83   -1.46
2018 101  5 21    4.77    3.41   -2.31   -0.57
2018 101  5 22    4.96    2.84   -2.42   -0.06
2018 101  5 23    4.95    3.22   -2.60   -0.38
2018 101  5 24    5.21    3.23   -2.64   -1.82
2018 101  5 25    5.22    3.13   -2.65   -1.72
2018 101  5 26    5.21    3.03   -3.14   -1.79
2018 101  5 27    5.12    3.62   -2.07   -1.52
2018 101  5 28    5.13    2.90   -2.54   -2.37
2018 101  5 29    5.05    3.87   -2.21   -0.99
2018 101  5 30    5.02    3.91   -1.86   -0.91
2018 101  5 31    5.15    3.63   -2.38   -1.31
2018 101  5 32    4.96    4.59   -1.06   -0.99
2018 101  5 33    4.78    3.96   -1.73    0.24
2018 101  5 34    4.77    3.65   -1.33    0.23
2018 101  5 35    4.94    3.80   -1.22   -0.10
2018 101  5 36    4.98    3.80   -1.80    0.22
2018 101  5 37    4.95    4.04   -1.40    0.29
2018 101  5 38    5.19    3.78   -1.72   -0.88
2018 101  5 39    5.09    4.01   -0.76   -0.38
2018 101  5 40    5.10    3.83    0.14   -0.68
2018 101  5 41    5.29    3.93    0.48   -0.85
2018 101  5 42    5.06    4.14    2.18    0.16
2018 101  5 43    5.48    4.31    3.37   -0.23
2018 101  5 44    5.16    4.34    1.74    0.65
2018 101  5 45    5.21    3.85    1.26   -1.23
2018 101  5 46    5.22    3.04    2.48   -1.66
2018 101  5 47    5.24    3.49    2.40   -0.76
2018 101  5 48    5.16    3.12    2.43   -2.79
2018 101  5 49    5.05    3.83    0.56   -2.28
2018 101  5 50    5.05    3.09    1.58   -2.83
2018 101  5 51    4.77    3.16    2.25   -1.93
2018 101  5 52    4.06    2.83    0.66   -1.96
2018 101  5 53    3.92    3.03    0.13   -1.70
2018 101  5 54    3.91    2.96   -0.05   -2.15
2018 101  5 55    3.64    3.00    0.46   -1.92
2018 101  5 56    3.65    2.93    0.57   -1.97
2018 101  5 57    3.63    3.16   -0.05   -1.59
2018 101  5 58    3.81    3.42   -1.44   -0.66
2018 101  5 59    3.95    3.58   -1.32   -0.99
2018 101  6  0    3.95    3.67   -1.15   -0.87
2018 101  6  1    3.92    3.76   -0.92   -0.59
2018 101  6  2    3.89    3.75   -0.73   -0.71
2018 101  6  3    3.95    3.85   -0.44   -0.70
2018 101  6  4    3.95    3.88   -0.42   -0.60
2018 101  6  5    4.08    3.46    0.05   -1.58
2018 101  6  6    3.88    3.81   -0.56   -0.41
2018 101  6  7    3.88    3.74   -0.98   -0.04
2018 101  6  8    3.86    3.53   -1.50   -0.14
2018 101  6  9    3.81    3.63   -1.10   -0.13
2018 101  6 10    3.69    3.57   -0.72   -0.38
2018 101  6 11    3.65    3.45   -1.00   -0.64
2018 101  6 12    3.78    3.47   -1.44   -0.37
2018 101  6 13    3.65    3.33   -1.45   -0.02
2018 101  6 14    3.89    3.57   -1.49    0.05
2018 101  6 15    3.93    3.33   -2.04    0.05
2018 101  6 16    3.71    2.86   -1.71   -0.08
2018 101  6 17    3.75    2.62   -2.45   -1.06
2018 101  6 18    3.73    2.61   -2.43   -1.03
2018 101  6 19    3.73    2.79   -2.30   -0.78
2018 101  6 20    3.70    3.03   -1.91   -0.22
2018 101  6 21    3.62    2.15   -2.68    0.33
2018 101  6 22    3.48    2.51   -2.09   -0.76
2018 101  6 23    3.46    2.87   -1.69   -0.79
2018 101  6 24    3.60    3.36   -0.82   -0.81
2018 101  6 25    3.49    3.25   -0.76   -0.91
2018 101  6 26    3.55    2.96   -1.10   -1.62
2018 101  6 27    3.55    2.96   -1.10   -1.62
2018 101  6 28    3.64    3.22   -0.21   -1.62
2018 101  6 29    3.58    3.34    0.17   -1.20
2018 101  6 30 9999.99 9999.99 9999.99 9999.99
2018 101  6 31    3.55    3.28   -0.14   -1.32
2018 101  6 32    3.59    3.41   -0.10   -1.03
2018 101  6 33 9999.99 9999.99 9999.99 9999.99
2018 101  6 34    3.62    3.26   -0.40   -1.48
2018 101  6 35    3.57    3.07   -1.31   -1.24
2018 101  6 36 9999.99 9999.99 9999.99 9999.99
2018 101  6 37    3.60    3.25   -0.80   -1.31
2018 101  6 38 9999.99 9999.99 9999.99 9999.99
2018 101  6 39    3.53    3.10   -0.38   -1.62
2018 101  6 40 9999.99 9999.99 9999.99 9999.99
2018 101  6 41    3.51    3.04   -0.69   -1.50
2018 101  6 42 9999.99 9999.99 9999.99 9999.99
2018 101  6 43    3.48    3.02   -0.87   -1.42
2018 101  6 44 9999.99 9999.99 9999.99 9999.99
2018 101  6 45    3.44    3.06    0.39   -1.49
2018 101  6 46 9999.99 9999.99 9999.99 9999.99
2018 101  6 47    3.38    2.93   -0.75   -0.82
2018 101  6 48    3.38    2.93   -0.75   -0.82
2018 101  6 49 9999.99 9999.99 9999.99 9999.99
2018 101  6 50    3.52    3.09   -0.78   -0.62
2018 101  6 51 9999.99 9999.99 9999.99 9999.99
2018 101  6 52    3.50    2.87   -0.35   -1.96
2018 101  6 53 9999.99 9999.99 9999.99 9999.99
2018 101  6 54    3.43    2.55   -0.40   -2.25
2018 101  6 55    3.80    2.66   -0.56   -2.66
2018 101  6 56    3.78    1.96   -0.60   -3.14
2018 101  6 57    3.63    1.41   -0.60   -3.29
2018 101  6 58    3.63    1.47   -0.96   -3.17
2018 101  6 59    3.75    1.76   -1.32   -3.04
2018 101  7  0    3.69    1.92   -1.34   -2.84
2018 101  7  1    3.69    1.92   -1.35   -2.84
2018 101  7  2 9999.99 9999.99 9999.99 9999.99
2018 101  7  3    3.80    1.75   -1.87   -2.45
2018 101  7  4    3.98    1.11   -2.07   -1.67
2018 101  7  5    3.53    1.57   -1.43   -1.46
2018 101  7  6    3.76    2.09    0.11   -0.43
2018 101  7  7    3.89    1.48   -0.87   -0.14
2018 101  7  8    3.97    0.11   -3.38   -2.07
2018 101  7  9    3.98    1.08   -3.09   -2.03
2018 101  7 10    3.96    1.51   -3.11   -1.87
2018 101  7 11    3.87    0.56   -3.43   -1.69
2018 101  7 12    4.10    0.02   -3.72   -1.64
2018 101  7 13    4.10    0.37   -3.58   -1.80
2018 101  7 14    4.18    0.14   -3.72   -1.86
2018 101  7 15    3.94    0.66   -3.39   -1.84
2018 101  7 16    4.10    0.49   -3.62   -1.85
2018 101  7 17    3.79    1.85   -1.65   -2.85
2018 101  7 18    3.79    1.85   -1.65   -2.84
2018 101  7 19    4.38    0.79   -3.77   -2.03
2018 101  7 20 9999.99 9999.99 9999.99 9999.99
2018 101  7 21    4.40    3.24   -2.76   -1.07
2018 101  7 22    4.38    2.94   -3.02   -1.13
2018 101  7 23    4.39    2.98   -3.01   -1.07
2018 101  7 24    4.40    2.83   -3.22   -0.77
2018 101  7 25    4.35    2.63   -3.36   -0.50
2018 101  7 26    4.22    3.04   -2.73   -1.00
2018 101  7 27    4.04    0.67   -3.51   -0.82
2018 101  7 28    4.30    1.12   -3.49   -1.73
2018 101  7 29    4.29    2.90   -2.14   -1.59
2018 101  7 30    4.18    3.34   -0.71   -1.96
2018 101  7 31    4.02    2.68   -1.38   -1.39
2018 101  7 32    3.95    2.81   -1.40   -1.32
2018 101  7 33    4.17    3.25   -1.40   -1.54
2018 101  7 34    3.78    2.97   -0.19   -0.98
2018 101  7 35    4.47    2.29   -2.43   -2.49
2018 101  7 36    4.41    1.29   -2.68   -2.71
2018 101  7 37    4.42    1.76   -2.91   -2.44
2018 101  7 38    4.39    1.29   -3.55   -1.63
2018 101  7 39    4.39    1.08   -3.84   -1.35
2018 101  7 40    4.34    2.15   -3.35   -1.49
2018 101  7 41    4.31    3.23   -2.37   -1.51
2018 101  7 42    4.32    3.42   -2.52   -0.74
2018 101  7 43    4.39    3.61   -2.21   -0.97
2018 101  7 44    4.38    3.40   -2.47   -0.78
2018 101  7 45    4.42    2.47   -3.13   -1.81
2018 101  7 46    4.39    2.55   -3.10   -1.73
2018 101  7 47    4.36    2.23   -3.32   -1.71
2018 101  7 48    4.32    2.18   -3.39   -1.56
2018 101  7 49    4.33    2.20   -3.42   -1.48
2018 101  7 50    4.35    2.29   -3.40   -1.44
2018 101  7 51    4.31    2.40   -3.33   -1.30
2018 101  7 52    4.26    2.85   -2.86   -1.30
2018 101  7 53    4.35    3.06   -2.84   -0.88
2018 101  7 54    4.40    4.19   -0.53   -1.06
2018 101  7 55    4.38    4.26   -0.09   -0.86
2018 101  7 56    4.36    4.24    0.06   -0.98
2018 101  7 57    4.44    2.25   -1.67   -1.27
2018 101  7 58    4.44    1.95   -2.78   -1.36
2018 101  7 59    4.40    1.79   -2.96   -1.45
2018 101  8  0    4.38    0.53   -4.15   -1.28
2018 101  8  1    4.46    0.77   -4.10   -1.54
2018 101  8  2    4.41    0.84   -4.07   -1.46
2018 101  8  3    4.39    2.02   -3.45   -1.66
2018 101  8  4    4.35    2.02   -3.50   -1.51
2018 101  8  5    4.37    2.12   -3.59   -1.24
2018 101  8  6    4.37    3.54   -1.88   -1.47
2018 101  8  7    4.43    3.59   -1.97   -1.48
2018 101  8  8    4.43    3.66   -1.99   -1.23
2018 101  8  9    4.43    3.47   -2.16   -1.62
2018 101  8 10    4.61    2.30   -3.34   -2.04
2018 101  8 11    4.61    2.17   -3.35   -2.26
2018 101  8 12    4.55    2.26   -3.38   -1.99
2018 101  8 13    4.58    2.84   -3.08   -1.79
2018 101  8 14    4.50    2.79   -3.18   -1.48
2018 101  8 15    4.52    2.74   -3.18   -1.55
2018 101  8 16    4.49    3.42   -2.76   -0.92
2018 101  8 17    4.51    3.38   -2.77   -1.05
2018 101  8 18    4.54    3.14   -2.89   -1.49
2018 101  8 19    4.55    2.38   -3.33   -1.96
2018 101  8 20    4.55    2.35   -3.38   -1.93
2018 101  8 21    4.62    1.71   -3.71   -2.12
2018 101  8 22    4.56    1.69   -3.71   -2.04
2018 101  8 23    4.67    1.22   -3.91   -2.19
2018 101  8 24    4.88    0.75   -4.14   -2.43
2018 101  8 25    4.77    1.30   -3.89   -2.36
2018 101  8 26    4.65    1.02   -4.18   -1.66
2018 101  8 27    4.78    0.57   -4.12   -2.30
2018 101  8 28    4.84    1.59   -4.12   -1.93
2018 101  8 29    4.87    1.40   -4.23   -1.96
2018 101  8 30    4.85    1.44   -4.19   -1.94
2018 101  8 31    4.88    1.29   -4.40   -1.63
2018 101  8 32    4.93    1.02   -4.27   -2.15
2018 101  8 33    5.16    0.07   -4.98   -1.19
2018 101  8 34    5.06    0.66   -4.47   -0.55
2018 101  8 35    4.74    0.99   -4.39    1.26
2018 101  8 36    4.75    0.93   -4.49   -0.29
2018 101  8 37    4.67    1.10   -4.33   -1.33
2018 101  8 38    4.70    1.38   -4.15   -1.67
2018 101  8 39    5.13    1.92   -4.48   -1.61
2018 101  8 40    5.13    2.29   -4.35   -1.40
2018 101  8 41    4.94    2.87   -3.74   -1.43
2018 101  8 42    4.83    2.92   -3.04   -2.29
2018 101  8 43    5.06    3.12   -3.10   -2.43
2018 101  8 44    5.03    2.66   -2.64   -3.21
2018 101  8 45    5.03    4.17   -1.42   -2.37
2018 101  8 46    4.89    3.48   -0.32   -3.38
2018 101  8 47    5.01    2.80   -2.76   -2.01
2018 101  8 48    5.11    2.20   -4.43   -1.20
2018 101  8 49    4.81    0.56   -4.70   -0.04
2018 101  8 50    4.82    0.81   -4.71   -0.43
2018 101  8 51    5.03    1.46   -4.76   -0.64
2018 101  8 52    5.05    1.67   -4.73   -0.46
2018 101  8 53    5.02    1.79   -4.68   -0.21
2018 101  8 54    4.88    1.35   -4.66   -0.18
2018 101  8 55    4.70    1.14   -4.52   -0.19
2018 101  8 56    4.48   -1.73   -2.34    1.34
2018 101  8 57    4.66   -3.25   -1.72    2.47
2018 101  8 58    4.66   -2.64   -2.73    2.50
2018 101  8 59    4.64   -2.06   -3.13    2.70
2018 101  9  0    4.65   -0.40   -4.12    1.98
2018 101  9  1    4.62   -2.54   -3.14    2.11
2018 101  9  2    4.71   -1.55   -4.09    1.39
2018 101  9  3    4.67   -2.27   -3.51    1.78
2018 101  9  4    4.73   -2.57   -2.84    2.66
2018 101  9  5    4.72   -1.96   -3.83    1.88
2018 101  9  6    4.76   -2.50   -3.50    1.97
2018 101  9  7    4.74   -2.36   -3.75    1.67
2018 101  9  8    4.75   -1.71   -4.23    1.22
2018 101  9  9    4.86   -2.20   -3.99    1.41
2018 101  9 10    4.92   -2.37   -3.77    1.54
2018 101  9 11    4.83   -2.53   -3.66    1.45
2018 101  9 12    4.74   -3.05   -3.06    1.92
2018 101  9 13    4.99   -2.45   -4.06    1.02
2018 101  9 14    4.93   -2.85   -3.73    1.41
2018 101  9 15    4.98   -2.72   -3.93    1.14
2018 101  9 16    5.00   -2.74   -3.92    1.28
2018 101  9 17    5.02   -2.63   -4.12    0.77
2018 101  9 18    5.01   -2.54   -4.13    1.02
2018 101  9 19    5.04   -2.71   -4.16   -0.08
2018 101  9 20    5.03   -3.31   -3.64    0.62
2018 101  9 21    5.03   -3.31   -3.64    0.63
2018 101  9 22    5.09   -3.77   -3.31   -0.46
2018 101  9 23 9999.99 9999.99 9999.99 9999.99
2018 101  9 24    4.95   -2.05   -4.45    0.41
2018 101  9 25    4.93   -0.94   -4.74    0.77
2018 101  9 26    4.93   -0.33   -4.79    0.85
2018 101  9 27    4.94   -1.20   -4.71    0.78
2018 101  9 28    4.92    0.46   -4.65    1.14
2018 101  9 29    4.97   -0.77   -4.20   -0.14
2018 101  9 30    4.99   -3.57   -3.29   -1.10
2018 101  9 31    5.05   -3.68   -3.33   -0.78
2018 101  9 32    5.06   -3.92   -3.07   -0.81
2018 101  9 33    5.08   -3.64   -3.29   -1.04
2018 101  9 34    5.05   -3.45   -3.45   -1.11
2018 101  9 35    5.15   -2.87   -3.94   -1.62
2018 101  9 36    5.01   -2.47   -3.87   -1.88
2018 101  9 37    5.00   -1.79   -4.17   -1.70
2018 101  9 38    5.05   -1.40   -4.28   -1.85
2018 101  9 39    4.80   -1.57   -4.35    0.21
2018 101  9 40    4.86   -1.31   -4.19   -0.58
2018 101  9 41    4.85   -1.04   -4.46    0.23
2018 101  9 42    4.93   -0.76   -4.86    0.08
2018 101  9 43    5.09   -1.65   -4.77    0.46
2018 101  9 44    5.01   -2.31   -4.40   -0.04
2018 101  9 45    4.99   -2.53   -4.26   -0.44
2018 101  9 46    4.91   -2.25   -4.23   -0.99
2018 101  9 47    4.86   -1.32   -4.50   -1.00
2018 101  9 48    4.89   -0.71   -4.60   -1.13
2018 101  9 49    4.79   -0.86   -4.17   -1.17
2018 101  9 50    4.83    0.83   -4.32    0.87
2018 101  9 51    4.83    1.85   -4.25    1.07
2018 101  9 52    4.91    1.86   -4.48    0.59
2018 101  9 53    4.90    1.45   -4.59    0.82
2018 101  9 54    5.00    0.46   -4.75    0.78
2018 101  9 55    5.02    0.29   -4.76    0.71
2018 101  9 56    5.17    1.09   -4.88    0.95
2018 101  9 57    5.23    2.56   -4.31    0.48
2018 101  9 58    5.23    1.09   -5.05    0.54
2018 101  9 59    5.28    1.45   -4.81   -1.33
2018 101 10  0    5.43    1.38   -4.99   -1.42
2018 101 10  1    5.38    0.85   -5.21   -0.71
2018 101 10  2    5.31    0.84   -5.15   -0.24
2018 101 10  3    5.35    1.09   -5.11   -0.50
2018 101 10  4    5.33    1.62   -4.53   -2.22
2018 101 10  5    5.42    2.11   -4.79   -1.36
2018 101 10  6    5.20    1.83   -4.74   -0.93
2018 101 10  7    5.01    1.92   -4.36   -1.18
2018 101 10  8    5.08    1.92   -4.63   -0.34
2018 101 10  9    4.98    2.02   -4.45   -0.74
2018 101 10 10    4.96    2.77   -3.49   -1.70
2018 101 10 11    4.80    3.54   -2.16   -2.08
2018 101 10 12    4.71    2.67   -3.72   -0.39
2018 101 10 13    4.63    2.99   -3.39   -0.22
2018 101 10 14    4.60    3.14   -3.20   -0.52
2018 101 10 15    4.65    3.33   -2.96   -0.48
2018 101 10 16    4.77    3.64   -2.57   -0.97
2018 101 10 17    4.66    4.02   -1.74   -1.11
2018 101 10 18    4.56    3.78   -1.97   -1.02
2018 101 10 19    4.60    3.50   -2.00   -1.66
2018 101 10 20    4.55    3.52   -1.83   -1.62
2018 101 10 21    4.56    3.36   -2.08   -1.82
2018 101 10 22    4.52    3.62   -2.02   -1.41
2018 101 10 23    4.55    3.47   -2.35   -1.46
2018 101 10 24    4.53    3.57   -2.27   -1.19
2018 101 10 25    4.56    3.48   -2.43   -1.39
2018 101 10 26    4.52    2.87   -2.94   -1.82
2018 101 10 27    4.55    3.18   -2.55   -1.82
2018 101 10 28    4.42    2.80   -3.02   -1.51
2018 101 10 29    4.50    3.26   -2.33   -1.80
2018 101 10 30    4.55    3.09   -2.63   -1.84
2018 101 10 31    4.54    3.20   -2.34   -1.70
2018 101 10 32    4.60    3.10   -2.84   -1.75
2018 101 10 33    4.66    3.26   -2.75   -1.78
2018 101 10 34    4.57    2.86   -3.19   -1.58
2018 101 10 35    4.58    2.83   -3.07   -1.81
2018 101 10 36    4.56    2.96   -2.73   -2.12
2018 101 10 37    4.63    2.74   -3.19   -1.92
2018 101 10 38    4.60    2.70   -3.27   -1.76
2018 101 10 39    4.59    2.69   -3.31   -1.68
2018 101 10 40    4.59    2.66   -3.52   -1.20
2018 101 10 41    4.60    2.79   -3.37   -1.35
2018 101 10 42    4.59    2.54   -3.57   -1.31
2018 101 10 43    4.34    1.63   -3.65   -1.43
2018 101 10 44    4.35    1.69   -3.41   -1.66
2018 101 10 45    4.35    1.47   -3.70   -1.21
2018 101 10 46    4.31    1.98   -3.65   -0.93
2018 101 10 47    4.23    1.13   -3.81   -0.29
2018 101 10 48    4.36   -0.42   -3.82    0.26
2018 101 10 49    4.55   -1.20   -3.61    2.46
2018 101 10 50    4.65    0.10   -2.44    3.80
2018 101 10 51    4.49    0.62   -2.22    3.83
2018 101 10 52    4.72    0.34   -2.49    3.89
2018 101 10 53    4.69    1.27   -2.77    0.94
2018 101 10 54    4.44    1.83   -3.17   -1.05
2018 101 10 55    4.38    1.86   -3.93    0.51
2018 101 10 56 9999.99 9999.99 9999.99 9999.99
2018 101 10 57    4.61    1.98   -3.92    0.42
2018 101 10 58    4.77    2.29   -4.06   -0.87
2018 101 10 59    4.66    2.50   -3.43   -0.72
2018 101 11  0    4.63    2.45   -3.35    0.42
2018 101 11  1    4.67    2.23   -3.46   -0.04
2018 101 11  2    4.19    1.15   -3.87    0.95
2018 101 11  3    4.14    1.14   -3.94    0.54
2018 101 11  4    4.37    0.96   -3.19    1.68
2018 101 11  5    4.77   -0.22   -0.97    4.64
2018 101 11  6    4.71    0.15   -0.99    4.18
2018 101 11  7    4.72    0.61   -1.77    3.98
2018 101 11  8    4.68    0.92   -0.94    3.88
2018 101 11  9    4.72    1.50   -1.52    3.72
2018 101 11 10    4.64    2.73   -2.77    2.43
2018 101 11 11    4.62    3.22   -2.70    1.81
2018 101 11 12    4.62    3.36   -2.93    0.71
2018 101 11 13    4.72    3.04   -3.17    0.01
2018 101 11 14    4.56    3.26   -2.87   -1.22
2018 101 11 15    4.80    3.55   -2.99   -1.22
2018 101 11 16    4.64    3.43   -3.02   -0.67
2018 101 11 17    4.66    3.37   -3.08   -0.84
2018 101 11 18    4.47    2.90   -3.32   -0.64
2018 101 11 19    4.42    2.64   -3.38   -1.00
2018 101 11 20    4.37    2.56   -3.30   -1.27
2018 101 11 21    4.33    2.53   -3.35   -1.00
2018 101 11 22    4.35    2.52   -3.44   -0.84
2018 101 11 23    4.32    2.19   -3.62   -0.70
2018 101 11 24    4.03   -0.49   -3.49    1.78
2018 101 11 25    4.11   -0.15   -3.75    1.43
2018 101 11 26    4.14   -0.20   -4.00    0.92
2018 101 11 27    4.12    0.36   -4.05    0.61
2018 101 11 28    4.05    0.71   -3.95    0.54
2018 101 11 29    4.12    1.09   -3.97    0.02
2018 101 11 30    4.16    1.60   -3.73   -0.21
2018 101 11 31    4.15    1.31   -3.81   -0.55
2018 101 11 32    4.20    1.02   -3.88   -0.90
2018 101 11 33    4.20   -0.92   -3.34   -2.29
2018 101 11 34    4.22    1.51   -3.53   -1.59
2018 101 11 35    4.23    2.60   -3.27   -0.43
2018 101 11 36    4.24    2.49   -3.34   -0.68
2018 101 11 37    4.23    2.50   -3.36   -0.40
2018 101 11 38    4.22    2.24   -3.51   -0.52
2018 101 11 39    4.19    1.85   -3.69   -0.53
2018 101 11 40    4.10    2.21   -3.43    0.03
2018 101 11 41    4.18    1.56   -3.81   -0.75
2018 101 11 42    4.18    1.62   -3.76   -0.50
2018 101 11 43    4.12    2.32   -3.40    0.09
2018 101 11 44    3.90    2.47   -2.20    1.62
2018 101 11 45    3.80    2.22   -2.81    0.96
2018 101 11 46    3.81    3.04   -2.05    0.82
2018 101 11 47    3.84    3.28   -1.86    0.68
2018 101 11 48    3.95    3.56   -1.66    0.39
2018 101 11 49    3.84    3.51   -1.48    0.11
2018 101 11 50    3.94    3.63   -1.34    0.13
2018 101 11 51    3.71    3.42   -1.24    0.52
2018 101 11 52    3.72    3.50   -1.07   -0.17
2018 101 11 53    3.82    3.47   -1.43   -0.09
2018 101 11 54    3.94    3.74   -1.02    0.54
2018 101 11 55    3.89    3.36   -1.49    0.93
2018 101 11 56    3.87    3.33   -1.60    0.76
2018 101 11 57    4.00    3.49   -1.67    0.98
2018 101 11 58    4.03    3.43   -1.70    1.20
2018 101 11 59    3.91    3.23   -1.30    1.59
2018 101 12  0    3.90    3.31   -1.29    1.49
2018 101 12  1    3.75    3.45   -0.35    0.96
2018 101 12  2    3.74    3.44   -0.69    0.94
2018 101 12  3    3.95    3.57   -1.01   -0.13
2018 101 12  4    4.17    3.64   -2.01    0.13
2018 101 12  5    4.17    3.64   -2.01    0.13
2018 101 12  6    4.15    3.67   -1.92    0.07
2018 101 12  7    4.15    3.67   -1.92    0.07
2018 101 12  8    4.13    3.53   -2.07    0.50
2018 101 12  9    3.84    3.30   -1.21   -0.95
2018 101 12 10    3.67    3.12   -1.06   -1.56
2018 101 12 11    3.78    3.29   -1.24   -1.03
2018 101 12 12    3.92    3.45   -1.44   -0.70
2018 101 12 13    3.97    3.58   -1.31   -0.61
2018 101 12 14    3.93    3.58   -1.30   -0.37
2018 101 12 15    3.93    3.53   -1.40   -0.36
2018 101 12 16    3.91    3.44   -1.58   -0.15
2018 101 12 17    3.85    3.25   -1.69    0.60
2018 101 12 18    4.02    3.57   -1.55    0.29
2018 101 12 19    4.06    3.54   -1.74    0.32
2018 101 12 20    4.08    3.58   -1.76    0.24
2018 101 12 21    4.10    3.97   -1.00    0.04
2018 101 12 22    4.15    3.89   -1.35   -0.15
2018 101 12 23    4.26    3.84   -1.70   -0.67
2018 101 12 24    4.25    3.81   -1.76   -0.63
2018 101 12 25    4.30    3.90   -1.73   -0.51
2018 101 12 26    4.21    3.79   -1.61   -0.79
2018 101 12 27    4.18    3.89   -1.34   -0.72
2018 101 12 28    4.21    3.93   -1.29   -0.72
2018 101 12 29    3.99    3.48   -1.83   -0.43
2018 101 12 30    3.96    3.45   -1.93   -0.02
2018 101 12 31    3.94    3.45   -1.86   -0.23
2018 101 12 32    4.05    3.62   -1.55   -0.78
2018 101 12 33    4.16    3.53   -1.49   -1.55
2018 101 12 34 9999.99 9999.99 9999.99 9999.99
2018 101 12 35 9999.99 9999.99 9999.99 9999.99
2018 101 12 36 9999.99 9999.99 9999.99 9999.99
2018 101 12 37 9999.99 9999.99 9999.99 9999.99
2018 101 12 38    4.08    3.53   -1.42   -1.46
2018 101 12 39    3.93    3.42   -1.75   -0.11
2018 101 12 40 9999.99 9999.99 9999.99 9999.99
2018 101 12 41 9999.99 9999.99 9999.99 9999.99
2018 101 12 42 9999.99 9999.99 9999.99 9999.99
2018 101 12 43 9999.99 9999.99 9999.99 9999.99
2018 101 12 44    4.10    3.61   -1.45   -1.29
2018 101 12 45    4.08    3.65   -1.44   -1.15
2018 101 12 46 9999.99 9999.99 9999.99 9999.99
2018 101 12 47    4.15    3.67   -1.54   -1.17
2018 101 12 48 9999.99 9999.99 9999.99 9999.99
2018 101 12 49    4.17    3.67   -1.38   -1.36
2018 101 12 50    4.16    3.63   -1.30   -1.55
2018 101 12 51    3.93    3.47   -1.48   -1.02
2018 101 12 52    3.95    3.53   -1.20   -1.27
2018 101 12 53    3.98    3.49   -1.12   -1.52
2018 101 12 54    3.95    3.23   -1.15   -1.57
2018 101 12 55    3.99    3.57   -1.39   -0.81
2018 101 12 56    3.96    3.71   -0.97    0.87
2018 101 12 57    3.93    3.75   -0.83    0.87
2018 101 12 58    3.98    3.73   -0.80    1.04
2018 101 12 59    4.06    3.90   -1.07   -0.12
2018 101 13  0    4.07    3.97   -0.88    0.01
2018 101 13  1    4.06    3.98   -0.78    0.11
2018 101 13  2    4.04    3.99   -0.50    0.39
2018 101 13  3    4.01    3.96   -0.65    0.20
2018 101 13  4    4.00    3.91   -0.82   -0.09
2018 101 13  5    3.96    3.89   -0.57    0.33
2018 101 13  6    4.00    3.88   -0.90    0.14
2018 101 13  7    4.00    3.82   -1.21   -0.04
2018 101 13  8    4.01    3.81   -1.23   -0.05
2018 101 13  9    4.02    3.86   -1.13    0.19
2018 101 13 10    4.00    3.80   -1.22    0.14
2018 101 13 11    4.08    3.85   -1.30    0.17
2018 101 13 12    4.21    4.14   -0.27    0.53
2018 101 13 13    4.20    4.07   -0.98    0.14
2018 101 13 14    4.00    3.77   -1.22   -0.25
2018 101 13 15    3.97    3.67   -1.32   -0.74
2018 101 13 16    3.96    3.50   -1.45   -1.11
2018 101 13 17    3.88    2.72   -2.01   -1.84
2018 101 13 18    3.91    2.63   -2.29   -1.72
2018 101 13 19    3.91    3.05   -1.81   -1.56
2018 101 13 20    3.96    2.92   -2.01   -1.68
2018 101 13 21    4.03    3.54   -1.79   -0.56
2018 101 13 22 9999.99 9999.99 9999.99 9999.99
2018 101 13 23    4.13    3.77   -1.39    0.81
2018 101 13 24    4.15    3.77   -1.37    1.06
2018 101 13 25    4.10    3.71   -1.30    1.15
2018 101 13 26    4.05    3.69   -1.04    1.31
2018 101 13 27    4.05    3.80   -1.20    0.66
2018 101 13 28    4.03    3.62   -1.33    1.15
2018 101 13 29    4.07    3.69   -1.38    0.97
2018 101 13 30    4.11    3.61   -1.60    1.01
2018 101 13 31    4.11    3.73   -1.66    0.43
2018 101 13 32    4.10    3.77   -1.56    0.44
2018 101 13 33    4.14    3.78   -1.53    0.65
2018 101 13 34    4.14    3.76   -1.55    0.76
2018 101 13 35    4.17    3.68   -1.83    0.68
2018 101 13 36    4.16    3.62   -1.94    0.41
2018 101 13 37    4.15    3.70   -1.73    0.44
2018 101 13 38    4.15    3.60   -1.90   -0.72
2018 101 13 39    4.14    3.55   -2.03   -0.62
2018 101 13 40    4.14    3.51   -2.04   -0.49
2018 101 13 41    4.16    3.50   -2.11   -0.64
2018 101 13 42    4.16    3.64   -1.93   -0.21
2018 101 13 43    4.17    3.74   -1.73   -0.61
2018 101 13 44    4.16    3.77   -1.55   -0.79
2018 101 13 45    4.15    3.73   -1.55   -0.92
2018 101 13 46    4.16    3.64   -1.78   -0.92
2018 101 13 47    4.16    3.55   -2.01   -0.78
2018 101 13 48    4.20    3.61   -2.01   -0.68
2018 101 13 49    4.17    4.02   -0.95   -0.54
2018 101 13 50    4.17    3.89   -1.37   -0.59
2018 101 13 51    4.18    3.88   -1.44   -0.58
2018 101 13 52    4.15    3.85   -1.41   -0.54
2018 101 13 53    4.18    3.74   -1.74   -0.59
2018 101 13 54    4.14    3.73   -1.69   -0.53
2018 101 13 55    4.14    3.77   -1.50   -0.69
2018 101 13 56    4.14    3.84   -1.30   -0.74
2018 101 13 57    4.17    3.91   -1.24   -0.71
2018 101 13 58    4.19    3.87   -1.49   -0.57
2018 101 13 59    4.21    3.86   -1.64   -0.39
2018 101 14  0    4.18    3.84   -1.54   -0.50
2018 101 14  1    4.00    3.73   -0.98   -0.95
2018 101 14  2    3.92    3.64   -1.40   -0.28
2018 101 14  3    3.98    3.66   -1.54   -0.19
2018 101 14  4    3.88    3.62   -1.26   -0.53
2018 101 14  5    3.84    3.53   -1.42   -0.45
2018 101 14  6    3.81    3.69   -0.76   -0.50
2018 101 14  7    3.78    3.67   -0.67   -0.59
2018 101 14  8    3.70    3.58   -0.70   -0.56
2018 101 14  9    3.66    3.50   -0.81   -0.68
2018 101 14 10    3.61    3.40   -0.70   -0.91
2018 101 14 11    3.61    3.46   -0.58   -0.83
2018 101 14 12    3.65    3.50   -0.35   -0.93
2018 101 14 13    3.64    3.49   -0.21   -0.96
2018 101 14 14    3.62    3.34   -0.57   -1.25
2018 101 14 15    3.65    3.46   -0.71   -0.91
2018 101 14 16    3.66    3.47   -0.69   -0.89
2018 101 14 17    3.66    3.48   -0.79   -0.80
2018 101 14 18    3.72    3.69   -0.15   -0.40
2018 101 14 19    3.73    3.67   -0.51   -0.35
2018 101 14 20    3.71    3.59   -0.93    0.09
2018 101 14 21    3.67    3.49   -1.09    0.10
2018 101 14 22    3.58    3.11   -1.69   -0.52
2018 101 14 23    3.60    3.16   -1.57   -0.50
2018 101 14 24    3.59    3.06   -1.57   -0.69
2018 101 14 25    3.64    3.02   -1.56   -1.11
2018 101 14 26    3.59    2.76   -1.35   -0.72
2018 101 14 27    3.54    2.75   -1.64   -0.01
2018 101 14 28    3.57    2.70   -2.08    0.15
2018 101 14 29    3.53    2.19   -2.29   -0.13
2018 101 14 30    3.49    1.64   -2.94    0.35
2018 101 14 31    3.35    2.88   -1.17   -1.22
2018 101 14 32    3.43    2.02   -2.74   -0.25
2018 101 14 33    3.42    1.41   -3.06    0.53
2018 101 14 34    3.36    3.00   -1.15   -0.98
2018 101 14 35    3.56    3.08   -1.38   -0.75
2018 101 14 36    3.35    2.63   -1.54   -1.18
2018 101 14 37    3.42    2.72   -1.55   -0.38
2018 101 14 38    3.39    0.31   -2.89    1.35
2018 101 14 39 9999.99 9999.99 9999.99 9999.99
2018 101 14 40    3.33    1.34   -2.62    1.50
2018 101 14 41 9999.99 9999.99 9999.99 9999.99
2018 101 14 42    3.48    0.21   -3.06    1.62
2018 101 14 43    3.44    1.74   -2.71    1.12
2018 101 14 44    3.50    0.42   -3.06    1.58
2018 101 14 45    3.52    1.28   -2.87    1.44
2018 101 14 46    3.67    0.97   -3.27    1.33
2018 101 14 47    3.57    1.16   -3.08    1.37
2018 101 14 48    3.61    1.17   -3.26    1.00
2018 101 14 49    3.58    1.25   -3.13    1.20
2018 101 14 50    3.59    1.28   -3.11    1.26
2018 101 14 51 9999.99 9999.99 9999.99 9999.99
2018 101 14 52    3.58    1.18   -3.20    1.03
2018 101 14 53 9999.99 9999.99 9999.99 9999.99
2018 101 14 54 9999.99 9999.99 9999.99 9999.99
2018 101 14 55    3.55    1.35   -3.07    1.16
2018 101 14 56    3.55    1.35   -3.07    1.16
2018 101 14 57 9999.99 9999.99 9999.99 9999.99
2018 101 14 58    3.52    1.68   -2.84    1.20
2018 101 14 59    3.52    1.68   -2.84    1.19
2018 101 15  0 9999.99 9999.99 9999.99 9999.99
2018 101 15  1    3.50    0.11   -2.93    1.88
2018 101 15  2 9999.99 9999.99 9999.99 9999.99
2018 101 15  3    3.51    1.32   -2.42    1.32
2018 101 15  4    3.50   -0.43   -2.76    2.06
2018 101 15  5    3.52    1.18   -2.52    1.44
2018 101 15  6    3.52    1.56   -2.41    1.27
2018 101 15  7    3.54    0.29   -3.07    1.71
2018 101 15  8    3.45    2.60   -2.12    0.80
2018 101 15  9    3.50   -0.08   -2.82    1.86
2018 101 15 10    3.42    0.97   -2.22    1.52
2018 101 15 11    3.52    1.77   -2.20    1.30
2018 101 15 12    3.43    2.42   -1.96    0.91
2018 101 15 13    3.46    0.51   -2.77    1.98
2018 101 15 14    3.46    1.72   -2.34    1.11
2018 101 15 15    3.46   -0.17   -2.93    1.78
2018 101 15 16    3.52    1.39   -2.70    0.72
2018 101 15 17    3.59    0.38   -3.41    0.91
2018 101 15 18    3.52    1.12   -2.90    0.82
2018 101 15 19    3.48   -0.03   -3.30    0.93
2018 101 15 20    3.58    1.22   -2.77    0.70
2018 101 15 21    3.58    1.32   -2.76    0.74
2018 101 15 22    3.56    1.62   -2.56    0.91
2018 101 15 23    3.56    0.89   -2.99    0.48
2018 101 15 24    3.55    1.20   -3.03    0.57
2018 101 15 25    3.42    0.59   -3.20    0.40
2018 101 15 26    3.55    0.76   -2.80    0.71
2018 101 15 27    3.56   -0.36   -3.28    0.16
2018 101 15 28    3.54    0.22   -2.81    0.42
2018 101 15 29    3.48    0.81   -2.65    0.39
2018 101 15 30    3.48    0.06   -1.84    0.11
2018 101 15 31    3.49    0.24   -1.59    0.28
2018 101 15 32    3.52    0.60   -1.36   -0.16
2018 101 15 33    3.43    0.47   -1.88   -0.07
2018 101 15 34    3.46    0.18   -2.04   -0.45
2018 101 15 35    3.49   -0.10   -2.09   -0.50
2018 101 15 36    3.47    0.46   -2.11   -0.34
2018 101 15 37    3.47   -0.17   -2.39   -0.37
2018 101 15 38    3.42    0.08   -2.36   -0.14
2018 101 15 39    3.49   -0.58   -2.15   -0.44
2018 101 15 40    3.46    0.42   -2.92   -0.05
2018 101 15 41    3.52    0.83   -3.12   -0.12
2018 101 15 42    3.59    1.05   -3.20   -0.43
2018 101 15 43    3.54    1.16   -2.99   -0.02
2018 101 15 44    3.53    0.19   -3.27   -0.32
2018 101 15 45    3.32    0.36   -2.85   -0.32
2018 101 15 46    3.26    0.67   -2.90   -0.36
2018 101 15 47    3.35    0.40   -3.09   -0.22
2018 101 15 48    3.21    0.39   -2.88   -0.47
2018 101 15 49    3.34    0.03   -3.07   -0.45
2018 101 15 50    3.38   -0.01   -3.20   -0.59
2018 101 15 51    3.37    0.50   -3.18   -0.22
2018 101 15 52    3.33   -0.07   -3.12   -0.40
2018 101 15 53    3.26    0.63   -2.95   -0.57
2018 101 15 54    3.31    0.37   -3.09   -0.43
2018 101 15 55    3.36   -0.03   -3.13   -0.51
2018 101 15 56    3.36    0.17   -3.15   -0.52
2018 101 15 57    3.35    0.08   -3.14   -0.50
2018 101 15 58    3.38    0.20   -3.29   -0.19
2018 101 15 59    3.22    0.41   -3.13   -0.45
2018 101 16  0    3.19    0.38   -3.13   -0.43
2018 101 16  1    3.25    0.41   -3.21   -0.23
2018 101 16  2    3.25    0.22   -3.24   -0.10
2018 101 16  3    3.15    0.27   -3.10    0.31
2018 101 16  4    3.22    0.35   -3.17    0.04
2018 101 16  5    3.24    0.14   -3.19    0.24
2018 101 16  6    3.12    0.31   -3.11    0.12
2018 101 16  7    3.10    0.22   -3.05    0.48
2018 101 16  8    3.00    0.23   -2.96    0.19
2018 101 16  9    3.02    0.49   -2.93   -0.34
2018 101 16 10    3.06    0.38   -2.88   -0.89
2018 101 16 11    3.02    0.29   -2.88   -0.80
2018 101 16 12    3.07    0.08   -3.00   -0.51
2018 101 16 13    2.97   -0.31   -2.85   -0.74
2018 101 16 14    2.91    0.11   -2.86   -0.50
2018 101 16 15    2.94   -0.42   -2.84   -0.53
2018 101 16 16    2.97   -0.44   -2.87   -0.52
2018 101 16 17    2.95   -0.52   -2.79   -0.70
2018 101 16 18    2.92   -0.01   -2.88   -0.29
2018 101 16 19    3.01   -0.59   -2.86   -0.48
2018 101 16 20    3.13    0.10   -3.07   -0.47
2018 101 16 21    3.14    0.56   -3.03   -0.41
2018 101 16 22    3.10    0.47   -2.98   -0.60
2018 101 16 23    3.08    0.52   -3.00   -0.28
2018 101 16 24    3.05    0.30   -2.99   -0.30
2018 101 16 25    2.99    0.46   -2.90   -0.32
2018 101 16 26    3.18   -0.17   -3.12   -0.26
2018 101 16 27    3.09   -0.39   -2.71   -1.31
2018 101 16 28    3.31    0.01   -3.16   -0.95
2018 101 16 29    3.13   -0.26   -2.89   -0.95
2018 101 16 30    3.20   -0.32   -3.00   -0.13
2018 101 16 31    3.24   -0.29   -3.12   -0.14
2018 101 16 32    3.19   -0.06   -3.08   -0.16
2018 101 16 33    3.43    0.14   -3.32    0.15
2018 101 16 34    3.48    0.09   -3.41    0.09
2018 101 16 35    3.40   -0.64   -3.30    0.35
2018 101 16 36    3.31   -0.28   -3.03    1.00
2018 101 16 37    3.12    0.31   -2.16    2.16
2018 101 16 38    3.14    0.34   -2.04    2.24
2018 101 16 39    3.43   -0.42   -3.08    1.24
2018 101 16 40    3.35   -0.78   -3.20    0.38
2018 101 16 41    3.46   -0.95   -3.28   -0.23
2018 101 16 42    3.56   -1.16   -3.28   -0.60
2018 101 16 43    3.41   -1.65   -2.67    0.76
2018 101 16 44    3.12   -2.41   -1.53    1.22
2018 101 16 45    3.29   -2.86   -1.35    0.89
2018 101 16 46    3.24   -2.71   -1.66    0.59
2018 101 16 47    3.19   -2.56   -1.87    0.12
2018 101 16 48    3.21   -2.14   -2.33   -0.32
2018 101 16 49    3.26   -1.78   -2.73    0.17
2018 101 16 50    3.40   -1.79   -2.87    0.18
2018 101 16 51    3.39   -1.80   -2.85   -0.01
2018 101 16 52    3.42   -1.90   -2.77   -0.58
2018 101 16 53    3.42   -1.90   -2.77   -0.58
2018 101 16 54    3.45   -1.99   -2.77   -0.46
2018 101 16 55    3.45   -1.99   -2.77   -0.46
2018 101 16 56    3.45   -2.17   -2.54   -0.82
2018 101 16 57 9999.99 9999.99 9999.99 9999.99
2018 101 16 58    3.54   -2.17   -2.51   -1.22
2018 101 16 59 9999.99 9999.99 9999.99 9999.99
2018 101 17  0    3.49   -2.03   -2.41   -1.30
2018 101 17  1 9999.99 9999.99 9999.99 9999.99
2018 101 17  2    3.12   -1.73   -2.50   -0.64
2018 101 17  3    3.28   -1.78   -2.59   -0.91
2018 101 17  4    3.28   -1.78   -2.59   -0.91
2018 101 17  5    3.36   -1.53   -2.83    0.46
2018 101 17  6    3.40   -1.22   -2.84    0.71
2018 101 17  7    3.53   -1.10   -3.15    0.64
2018 101 17  8    3.46   -1.53   -2.44    1.42
2018 101 17  9    3.44   -1.94   -2.41    1.04
2018 101 17 10    3.45   -1.71   -2.84   -0.31
2018 101 17 11    3.38   -1.24   -2.83    0.95
2018 101 17 12    3.40   -0.93   -3.21   -0.53
2018 101 17 13    3.29   -0.36   -2.51   -1.32
2018 101 17 14    3.31   -1.04   -2.85   -1.03
2018 101 17 15    3.36   -1.26   -3.01   -0.71
2018 101 17 16    3.31   -1.35   -2.76   -1.22
2018 101 17 17    3.30   -0.75   -3.08   -0.92
2018 101 17 18    3.40   -0.60   -3.23   -0.88
2018 101 17 19    3.33   -0.48   -3.02   -0.95
2018 101 17 20    3.03    0.78   -2.32   -1.22
2018 101 17 21    3.00   -0.15   -2.85   -0.61
2018 101 17 22    2.96   -0.25   -2.73   -1.05
2018 101 17 23    3.09   -0.58   -2.81   -1.11
2018 101 17 24    3.12   -0.73   -2.94   -0.66
2018 101 17 25    3.11   -0.90   -2.90   -0.40
2018 101 17 26    2.97   -0.78   -2.74   -0.63
2018 101 17 27    2.93   -0.01   -2.84    0.07
2018 101 17 28    2.89    0.12   -2.75    0.45
2018 101 17 29    2.92    1.43   -2.36    0.52
2018 101 17 30    2.92    1.18   -2.55   -0.05
2018 101 17 31    2.96    0.76   -2.78    0.53
2018 101 17 32    2.95    0.87   -2.78   -0.21
2018 101 17 33    3.13    0.56   -3.04   -0.17
2018 101 17 34    3.33    0.27   -3.08   -0.58
2018 101 17 35    3.21    0.46   -2.84    0.21
2018 101 17 36    2.95    0.28   -2.51    0.64
2018 101 17 37    2.87    0.61   -2.46    0.92
2018 101 17 38    2.94    0.83   -2.46    0.95
2018 101 17 39    3.08    0.97   -2.49    0.49
2018 101 17 40    3.04    0.92   -2.51    0.92
2018 101 17 41    2.93    1.12   -2.40    0.72
2018 101 17 42    2.96    1.09   -2.37    0.98
2018 101 17 43    2.80    1.35   -2.10    1.05
2018 101 17 44    3.03    0.97   -2.28    1.58
2018 101 17 45    2.97    0.57   -2.34    1.52
2018 101 17 46    3.07    0.64   -2.29    1.65
2018 101 17 47    2.68    1.41   -1.53    1.54
2018 101 17 48    2.88    1.37   -1.76    1.67
2018 101 17 49    2.59    1.09   -1.72    1.46
2018 101 17 50    2.88    1.35   -1.77    1.62
2018 101 17 51    2.60    1.02   -1.66    1.61
2018 101 17 52    2.79    1.21   -1.77    1.62
2018 101 17 53    2.48    1.36   -1.76    1.08
2018 101 17 54    2.84    1.01   -1.87    1.47
2018 101 17 55    2.42    1.27   -2.05    0.21
2018 101 17 56    2.66    1.18   -1.77    1.23
2018 101 17 57    2.63    1.09   -1.79    1.34
2018 101 17 58    2.65    1.06   -1.82    1.35
2018 101 17 59    2.41    1.57   -1.60    0.78
2018 101 18  0    2.63    1.29   -1.64    1.33
2018 101 18  1    2.47    1.39   -1.22    1.47
2018 101 18  2    2.57    1.51   -1.34    1.47
2018 101 18  3    2.42    1.73   -1.25    1.04
2018 101 18  4    2.66    1.26   -1.85    1.30
2018 101 18  5    2.61    1.70   -1.87    0.66
2018 101 18  6    2.41    1.24   -1.95    0.41
2018 101 18  7    2.33    1.25   -1.93    0.21
2018 101 18  8    2.43    1.28   -2.03   -0.04
2018 101 18  9    2.37    1.05   -2.01    0.20
2018 101 18 10    2.39    0.90   -2.18    0.19
2018 101 18 11    2.23    0.90   -2.01    0.23
2018 101 18 12    2.27    1.18   -1.86    0.51
2018 101 18 13    2.23    1.07   -1.90    0.47
2018 101 18 14    2.31    1.19   -1.93    0.35
2018 101 18 15    2.60    1.70   -1.85    0.53
2018 101 18 16    2.66    1.80   -1.70    1.00
2018 101 18 17 9999.99 9999.99 9999.99 9999.99
2018 101 18 18    2.68    1.95   -1.57    0.94
2018 101 18 19    2.68    1.84   -1.71    0.91
2018 101 18 20    2.76    2.29   -1.26    0.63
2018 101 18 21    2.68    2.04   -1.39    0.74
2018 101 18 22    2.54    1.85   -1.37    0.96
2018 101 18 23    2.75    2.39   -1.18    0.47
2018 101 18 24    2.92    2.60   -1.24    0.41
2018 101 18 25    2.90    2.66   -1.11    0.26
2018 101 18 26    2.90    2.75   -0.74    0.52
2018 101 18 27 9999.99 9999.99 9999.99 9999.99
2018 101 18 28    2.88    2.73   -0.74    0.54
2018 101 18 29 9999.99 9999.99 9999.99 9999.99
2018 101 18 30    2.81    2.66   -0.70    0.56
2018 101 18 31 9999.99 9999.99 9999.99 9999.99
2018 101 18 32    2.79    2.60   -0.83    0.58
2018 101 18 33    2.78    2.64   -0.56    0.65
2018 101 18 34 9999.99 9999.99 9999.99 9999.99
2018 101 18 35    2.78    2.64   -0.57    0.68
2018 101 18 36    2.78    2.61   -0.68    0.67
2018 101 18 37    2.78    2.60   -0.64    0.73
2018 101 18 38    2.78    2.60   -0.64    0.73
2018 101 18 39    3.05    1.87   -1.98    0.60
2018 101 18 40    3.15    1.70   -2.32    0.66
2018 101 18 41    3.08    1.51   -2.47    0.40
2018 101 18 42    3.15    1.25   -2.86    0.22
2018 101 18 43    3.14    1.55   -2.44    0.34
2018 101 18 44    3.08    1.43   -2.40    0.56
2018 101 18 45    3.01    0.86   -2.33    0.91
2018 101 18 46    3.04    0.51   -2.32    1.04
2018 101 18 47    3.03    0.90   -2.66    0.79
2018 101 18 48    2.78    1.60   -2.09    0.05
2018 101 18 49    2.91    1.63   -2.09    0.41
2018 101 18 50    2.91    1.22   -2.47    0.45
2018 101 18 51    2.90    1.09   -2.57    0.25
2018 101 18 52    2.83    1.35   -2.24    0.16
2018 101 18 53    2.91    1.16   -2.56   -0.16
2018 101 18 54    2.90    1.22   -2.42    0.14
2018 101 18 55    2.88    1.23   -2.42    0.09
2018 101 18 56    2.92    1.54   -2.33    0.13
2018 101 18 57    2.96    2.19   -1.67    0.13
2018 101 18 58    2.94    2.20   -1.65    0.17
2018 101 18 59    2.75    1.61   -2.20   -0.02
2018 101 19  0    2.95    1.68   -1.91    0.33
2018 101 19  1    2.56    0.96   -2.21    0.14
2018 101 19  2    2.53    0.36   -2.44    0.30
2018 101 19  3    2.77    0.82   -2.25    0.59
2018 101 19  4    3.01    1.42   -1.72    0.83
2018 101 19  5 9999.99 9999.99 9999.99 9999.99
2018 101 19  6    2.91    0.86   -2.08    0.96
2018 101 19  7    2.83    0.33   -2.33    0.75
2018 101 19  8    2.83    0.61   -2.12    0.74
2018 101 19  9    2.79    0.73   -2.28    0.94
2018 101 19 10    2.72    0.39   -2.18    1.07
2018 101 19 11    2.71    0.96   -1.98    1.08
2018 101 19 12    2.62    0.80   -1.71    0.84
2018 101 19 13    2.63    0.86   -1.79    0.80
2018 101 19 14    2.65    1.03   -1.92    0.88
2018 101 19 15    2.58    0.76   -1.92    0.75
2018 101 19 16    2.63    0.91   -2.00    1.02
2018 101 19 17    2.67    0.53   -2.11    0.92
2018 101 19 18    2.93   -0.10   -2.89    0.21
2018 101 19 19    3.05    0.24   -3.04   -0.02
2018 101 19 20    2.78    0.92   -2.31    0.59
2018 101 19 21    2.90   -0.01   -2.89    0.02
2018 101 19 22    2.91    0.11   -2.88    0.35
2018 101 19 23    2.91   -0.08   -2.83    0.39
2018 101 19 24    2.92   -0.31   -2.79    0.80
2018 101 19 25    2.95   -0.61   -2.75    0.82
2018 101 19 26    2.90   -0.68   -2.67    0.87
2018 101 19 27    2.79   -0.88   -2.41    1.07
2018 101 19 28    2.76   -0.93   -2.32    1.16
2018 101 19 29    2.80   -0.95   -2.21    1.33
2018 101 19 30    2.87   -1.31   -2.21    1.25
2018 101 19 31    2.87   -1.26   -2.31    1.13
2018 101 19 32    2.77   -1.59   -1.99    1.01
2018 101 19 33    2.74   -1.62   -2.09    0.67
2018 101 19 34    2.67   -1.58   -2.12    0.28
2018 101 19 35    2.77   -1.33   -2.33    0.43
2018 101 19 36    2.79   -1.44   -2.31    0.17
2018 101 19 37    2.75   -1.48   -2.29    0.29
2018 101 19 38    2.72   -1.08   -2.46    0.19
2018 101 19 39    2.64   -0.71   -2.46   -0.03
2018 101 19 40    2.58   -0.31   -2.10   -0.24
2018 101 19 41    2.44   -0.63   -1.15   -1.58
2018 101 19 42    2.34   -0.42   -1.78   -1.00
2018 101 19 43    2.92   -0.10   -2.78   -0.68
2018 101 19 44    2.97    0.78   -2.74    0.08
2018 101 19 45 9999.99 9999.99 9999.99 9999.99
2018 101 19 46 9999.99 9999.99 9999.99 9999.99
2018 101 19 47 9999.99 9999.99 9999.99 9999.99
2018 101 19 48    1.92    0.06   -1.77    0.56
2018 101 19 49    1.92    0.06   -1.77    0.56
2018 101 19 50 9999.99 9999.99 9999.99 9999.99
2018 101 19 51    1.73   -0.96   -1.42   -0.11
2018 101 19 52 9999.99 9999.99 9999.99 9999.99
2018 101 19 53 9999.99 9999.99 9999.99 9999.99
2018 101 19 54 9999.99 9999.99 9999.99 9999.99
2018 101 19 55 9999.99 9999.99 9999.99 9999.99
2018 101 19 56    1.83   -0.25   -1.62    0.28
2018 101 19 57    1.83   -0.25   -1.62    0.28
2018 101 19 58 9999.99 9999.99 9999.99 9999.99
2018 101 19 59 9999.99 9999.99 9999.99 9999.99
2018 101 20  0 9999.99 9999.99 9999.99 9999.99
2018 101 20  1 9999.99 9999.99 9999.99 9999.99
2018 101 20  2 9999.99 9999.99 9999.99 9999.99
2018 101 20  3 9999.99 9999.99 9999.99 9999.99
2018 101 20  4 9999.99 9999.99 9999.99 9999.99
2018 101 20  5    1.94   -0.23   -1.80    0.40
2018 101 20  6 9999.99 9999.99 9999.99 9999.99
2018 101 20  7 9999.99 9999.99 9999.99 9999.99
2018 101 20  8 9999.99 9999.99 9999.99 9999.99
2018 101 20  9 9999.99 9999.99 9999.99 9999.99
2018 101 20 10 9999.99 9999.99 9999.99 9999.99
2018 101 20 11 9999.99 9999.99 9999.99 9999.99
2018 101 20 12 9999.99 9999.99 9999.99 9999.99
2018 101 20 13 9999.99 9999.99 9999.99 9999.99
2018 101 20 14    2.18   -0.43   -1.95    0.54
2018 101 20 15    2.21   -0.75   -1.98    0.04
2018 101 20 16    1.98   -0.95   -1.64   -0.30
2018 101 20 17    1.95   -1.09   -1.52   -0.40
2018 101 20 18    2.37   -1.46   -1.76   -0.57
2018 101 20 19    2.41   -1.54   -1.73   -0.62
2018 101 20 20    2.53   -1.70   -1.70   -0.75
2018 101 20 21    2.77   -1.92   -1.95   -0.38
2018 101 20 22    3.01   -1.86   -2.21   -0.83
2018 101 20 23    3.12   -1.90   -2.37   -0.71
2018 101 20 24    3.13   -1.92   -2.40   -0.63
2018 101 20 25    3.02   -1.90   -2.18   -0.80
2018 101 20 26    2.75   -1.61   -1.93   -1.09
2018 101 20 27    3.03   -1.75   -2.19   -1.12
2018 101 20 28    3.09   -1.57   -2.17   -1.51
2018 101 20 29    2.98   -1.73   -2.14   -1.10
2018 101 20 30    2.95   -1.82   -2.11   -0.90
2018 101 20 31    3.05   -2.05   -2.24   -0.19
2018 101 20 32    3.21   -2.16   -2.38   -0.00
2018 101 20 33    3.09   -1.81   -2.44   -0.56
2018 101 20 34    2.92   -1.68   -2.30   -0.65
2018 101 20 35    3.03   -1.74   -2.39   -0.65
2018 101 20 36    3.05   -1.78   -2.48    0.00
2018 101 20 37    3.17   -1.87   -2.57    0.03
2018 101 20 38    3.19   -1.85   -2.59    0.04
2018 101 20 39    3.16   -1.92   -2.51   -0.17
2018 101 20 40    3.02   -1.91   -2.33   -0.26
2018 101 20 41    2.94   -1.89   -2.17   -0.54
2018 101 20 42    2.82   -2.08   -1.74   -0.67
2018 101 20 43    2.74   -2.10   -1.62   -0.59
2018 101 20 44    2.48   -2.04   -1.31   -0.55
2018 101 20 45    2.44   -1.96   -1.25   -0.71
2018 101 20 46    2.44   -1.71   -1.47   -0.90
2018 101 20 47    2.31   -1.96   -1.06   -0.47
2018 101 20 48    2.44   -2.05   -1.09   -0.71
2018 101 20 49    2.35   -1.92   -1.08   -0.80
2018 101 20 50    2.36   -1.98   -0.89   -0.85
2018 101 20 51    2.22   -1.82   -0.74   -0.99
2018 101 20 52    2.20   -1.80   -0.73   -0.98
2018 101 20 53    2.50   -2.17   -0.98   -0.68
2018 101 20 54    2.78   -2.37   -1.28   -0.64
2018 101 20 55    2.74   -2.35   -1.26   -0.58
2018 101 20 56    2.90   -2.40   -1.50   -0.59
2018 101 20 57    2.79   -2.36   -1.34   -0.64
2018 101 20 58    2.70   -2.27   -1.24   -0.76
2018 101 20 59    3.29   -2.37   -2.14   -0.50
2018 101 21  0    3.10   -1.93   -2.19   -0.89
2018 101 21  1    3.22   -2.02   -2.35   -0.51
2018 101 21  2    3.39   -2.20   -2.10   -1.38
2018 101 21  3    3.37   -2.18   -2.01   -1.50
2018 101 21  4    3.43   -2.22   -2.04   -1.48
2018 101 21  5    3.17   -2.25   -1.84   -1.12
2018 101 21  6    2.96   -2.15   -1.70   -1.03
2018 101 21  7    2.98   -2.12   -1.65   -1.27
2018 101 21  8    3.12   -1.87   -1.53   -1.94
2018 101 21  9    3.13   -1.94   -1.70   -1.78
2018 101 21 10    3.05   -1.56   -1.33   -2.20
2018 101 21 11    3.02   -1.53   -1.22   -2.27
2018 101 21 12    3.01   -1.47   -1.43   -2.14
2018 101 21 13    3.07   -1.14   -0.96   -2.66
2018 101 21 14    2.99   -1.05   -1.11   -2.54
2018 101 21 15    3.03   -1.15   -0.80   -2.66
2018 101 21 16    3.04   -1.06   -0.46   -2.76
2018 101 21 17    2.87   -1.22   -1.15   -2.09
2018 101 21 18    2.75    0.33    1.13   -1.91
2018 101 21 19    2.77    0.64    1.78   -2.00
2018 101 21 20    2.75    0.17    0.84   -2.58
2018 101 21 21    2.98   -0.40   -0.29   -2.91
2018 101 21 22    3.25   -0.70   -0.55   -3.04
2018 101 21 23    3.54   -1.30   -1.26   -2.89
2018 101 21 24    3.94   -1.85   -1.84   -2.94
2018 101 21 25    3.79   -1.61   -1.64   -2.99
2018 101 21 26    3.88   -1.99   -2.02   -2.66
2018 101 21 27    4.03   -1.93   -2.04   -2.88
2018 101 21 28    3.64   -1.78   -1.88   -2.54
2018 101 21 29    3.86   -2.01   -1.99   -2.62
2018 101 21 30    3.71   -2.01   -2.07   -2.33
2018 101 21 31    3.42   -2.01   -2.23   -1.40
2018 101 21 32    3.19   -2.27   -2.16   -0.15
2018 101 21 33    3.14   -2.39   -2.00    0.32
2018 101 21 34    3.01   -2.32   -1.77    0.63
2018 101 21 35    3.14   -1.93   -2.38   -0.23
2018 101 21 36    3.11   -1.81   -2.51    0.14
2018 101 21 37    3.17   -1.87   -2.38   -0.42
2018 101 21 38    3.43   -1.94   -2.61   -1.07
2018 101 21 39    3.51   -2.19   -2.39   -1.34
2018 101 21 40    3.44   -1.97   -2.42   -1.44
2018 101 21 41    3.42   -1.83   -2.47   -1.49
2018 101 21 42    3.51   -2.10   -2.44   -1.31
2018 101 21 43    3.54   -2.06   -2.46   -1.49
2018 101 21 44    3.54   -2.05   -2.34   -1.69
2018 101 21 45    3.64   -2.15   -2.34   -1.78
2018 101 21 46    3.57   -2.10   -2.29   -1.75
2018 101 21 47    3.53   -1.99   -2.31   -1.78
2018 101 21 48    3.53   -1.98   -2.37   -1.69
2018 101 21 49    3.55   -1.68   -2.29   -2.12
2018 101 21 50    3.58   -1.61   -2.25   -2.26
2018 101 21 51    3.58   -1.73   -2.30   -2.12
2018 101 21 52    3.50   -1.68   -2.35   -1.97
2018 101 21 53    3.53   -1.64   -2.32   -2.09
2018 101 21 54    3.55   -1.67   -2.31   -2.12
2018 101 21 55    3.53   -1.54   -2.21   -2.28
2018 101 21 56    3.53   -1.46   -2.32   -2.22
2018 101 21 57    3.58   -1.20   -2.46   -2.29
2018 101 21 58    3.58   -1.32   -2.42   -2.27
2018 101 21 59    3.59   -1.26   -2.35   -2.40
2018 101 22  0    3.60   -1.85   -2.45   -1.88
2018 101 22  1    3.55   -1.90   -2.41   -1.72
2018 101 22  2    3.40   -1.98   -2.29   -1.51
2018 101 22  3    3.17   -1.79   -2.14   -1.52
2018 101 22  4    3.26   -2.28   -2.03   -0.55
2018 101 22  5    3.31   -2.56   -1.85    0.98
2018 101 22  6    3.52   -2.70   -2.20    0.42
2018 101 22  7    3.39   -2.75   -1.91   -0.34
2018 101 22  8    3.41   -2.75   -2.01   -0.10
2018 101 22  9    3.45   -2.75   -2.08   -0.09
2018 101 22 10    3.54   -2.79   -2.17   -0.18
2018 101 22 11    3.58   -2.85   -2.16   -0.18
2018 101 22 12 9999.99 9999.99 9999.99 9999.99
2018 101 22 13 9999.99 9999.99 9999.99 9999.99
2018 101 22 14    3.62   -2.86   -2.20   -0.23
2018 101 22 15    3.67   -2.88   -2.24   -0.36
2018 101 22 16    3.65   -2.84   -2.26   -0.33
2018 101 22 17    3.69   -2.89   -2.23   -0.57
2018 101 22 18    3.68   -2.86   -2.20   -0.70
2018 101 22 19    3.64   -2.78   -2.21   -0.78
2018 101 22 20    3.63   -2.75   -2.24   -0.72
2018 101 22 21    3.61   -2.50   -2.17   -1.42
2018 101 22 22    3.55   -2.38   -1.94   -1.73
2018 101 22 23    3.66   -2.20   -1.59   -2.44
2018 101 22 24    3.78   -2.23   -1.94   -2.34
2018 101 22 25    3.61   -2.26   -2.10   -1.86
2018 101 22 26    3.53   -2.28   -2.09   -1.70
2018 101 22 27    3.60   -2.36   -2.05   -1.77
2018 101 22 28    3.56   -2.31   -1.95   -1.87
2018 101 22 29    3.45   -2.21   -1.91   -1.82
2018 101 22 30    3.52   -2.36   -2.12   -1.51
2018 101 22 31    3.51   -2.42   -2.16   -1.32
2018 101 22 32    3.47   -2.39   -2.12   -1.31
2018 101 22 33    3.56   -2.60   -2.24   -0.81
2018 101 22 34    3.64   -2.89   -1.86   -1.22
2018 101 22 35    3.67   -2.85   -1.98   -1.19
2018 101 22 36    3.72   -2.96   -2.03   -0.98
2018 101 22 37    3.73   -2.95   -1.97   -1.12
2018 101 22 38    3.74   -2.88   -2.05   -1.21
2018 101 22 39    3.79   -2.67   -2.53   -0.81
2018 101 22 40    3.82   -2.49   -2.52   -1.37
2018 101 22 41    3.84   -2.54   -2.73   -0.73
2018 101 22 42    3.78   -2.70   -2.57   -0.54
2018 101 22 43    3.73   -2.69   -2.47   -0.74
2018 101 22 44    3.76   -2.69   -2.45   -0.90
2018 101 22 45    3.76   -2.87   -2.24    0.22
2018 101 22 46    3.70   -2.75   -2.35    0.08
2018 101 22 47    3.53   -2.18   -2.42   -1.10
2018 101 22 48    3.25   -1.59   -2.47   -1.18
2018 101 22 49    3.37   -2.10   -2.51   -0.80
2018 101 22 50    3.31   -2.12   -2.46   -0.61
2018 101 22 51    3.25   -2.23   -2.30   -0.54
2018 101 22 52    3.45   -2.47   -2.37   -0.42
2018 101 22 53    3.57   -2.95   -1.97    0.11
2018 101 22 54    3.57   -2.95   -2.00    0.16
2018 101 22 55    3.88   -3.19   -2.16    0.39
2018 101 22 56    3.94   -3.28   -2.12    0.30
2018 101 22 57    3.95   -3.38   -2.01    0.31
2018 101 22 58    3.98   -3.46   -1.93    0.29
2018 101 22 59    3.85   -3.17   -2.15    0.40
2018 101 23  0 9999.99 9999.99 9999.99 9999.99
2018 101 23  1    3.88   -3.18   -2.19    0.41
2018 101 23  2    3.91   -3.17   -2.24    0.46
2018 101 23  3    3.85   -3.12   -2.22    0.37
2018 101 23  4    3.83   -3.09   -2.23    0.29
2018 101 23  5    3.46   -2.62   -2.19    0.44
2018 101 23  6    3.55   -2.72   -2.10    0.75
2018 101 23  7    3.83   -2.94   -2.36    0.60
2018 101 23  8    3.99   -3.07   -2.53    0.26
2018 101 23  9    4.10   -3.12   -2.65    0.26
2018 101 23 10    4.08   -3.13   -2.60    0.33
2018 101 23 11    3.99   -2.95   -2.67    0.13
2018 101 23 12    3.51   -2.37   -2.53   -0.18
2018 101 23 13    3.29   -1.49   -2.78   -0.80
2018 101 23 14    3.29   -1.52   -2.68   -0.82
2018 101 23 15    3.10    0.28   -2.50   -1.80
2018 101 23 16    3.10    0.30   -2.67   -1.52
2018 101 23 17    3.11   -0.09   -2.50   -1.82
2018 101 23 18    3.11    0.31   -2.52   -1.73
2018 101 23 19    3.09    0.83   -2.28   -1.91
2018 101 23 20    3.06    0.69   -2.27   -1.91
2018 101 23 21    3.05    0.40   -2.08   -2.11
2018 101 23 22    3.09    0.57   -2.39   -1.80
2018 101 23 23    3.07    0.48   -2.43   -1.77
2018 101 23 24 9999.99 9999.99 9999.99 9999.99
2018 101 23 25    3.05    0.39   -2.34   -1.92
2018 101 23 26    3.08    1.79   -1.07   -1.94
2018 101 23 27    3.91    2.97    0.25   -2.01
2018 101 23 28    3.91    3.21    0.58   -1.87
2018 101 23 29    4.91    4.06    2.16   -1.69
2018 101 23 30    4.88    4.02    2.08   -1.79
2018 101 23 31    4.85    3.98    2.13   -1.75
2018 101 23 32    4.90    3.95    2.30   -1.77
2018 101 23 33    4.74    3.88    2.03   -1.78
2018 101 23 34    4.37    3.79    1.11   -1.87
2018 101 23 35    4.29    3.63    1.48   -1.73
2018 101 23 36    4.29    3.61    1.52   -1.74
2018 101 23 37    4.26    3.42    1.78   -1.81
2018 101 23 38    4.28    3.49    1.71   -1.79
2018 101 23 39    4.30    3.69    1.46   -1.63
2018 101 23 40    4.49    3.86    1.47   -1.68
2018 101 23 41    4.59    3.94    0.75   -2.24
2018 101 23 42    4.72    4.00    0.90   -2.33
2018 101 23 43 9999.99 9999.99 9999.99 9999.99
2018 101 23 44 9999.99 9999.99 9999.99 9999.99
2018 101 23 45    4.62    3.86    0.82   -2.40
2018 101 23 46    4.64    3.87    0.69   -2.45
2018 101 23 47    4.57    3.80    0.79   -2.40
2018 101 23 48    4.50    3.70    0.59   -2.49
2018 101 23 49    4.43    3.67    0.40   -2.43
2018 101 23 50    4.41    3.75    0.61   -2.19
2018 101 23 51    4.41    3.82    1.19   -1.80
2018 101 23 52    4.42    3.77    1.17   -1.97
2018 101 23 53    4.31    3.63    1.05   -2.06
2018 101 23 54    4.21    3.74    0.39   -1.86
2018 101 23 55    4.18    3.80    0.14   -1.73
2018 101 23 56    4.21    3.77    0.08   -1.83
2018 101 23 57    4.42    3.88    0.91   -1.88
2018 101 23 58    4.45    3.95    0.79   -1.88
2018 101 23 59    4.47    4.05    0.57   -1.79
