2018 04 10 23 0 00 5.55 2.87 -1.25
2018 04 10 23 1 00 5.81 2.55 -1.17
2018 04 10 23 2 00 5.65 2.80 -1.41
2018 04 10 23 3 00 5.70 2.81 -1.28
2018 04 10 23 4 00 5.68 2.75 -1.48
2018 04 10 23 5 00 5.77 2.78 -1.14
2018 04 10 23 6 00 5.48 2.04 -2.25
2018 04 10 23 7 00 5.86 2.57 -1.13
2018 04 10 23 8 00 4.57 1.49 -1.81
2018 04 10 23 9 00 5.04 2.54 -2.13
2018 04 10 23 10 00 3.03 0.17 -3.30
2018 04 10 23 11 00 5.68 1.70 -2.12
2018 04 10 23 12 00 5.92 1.30 -1.91
2018 04 10 23 13 00 5.53 1.01 -2.45
2018 04 10 23 14 00 1.50 -0.64 -4.19
2018 04 10 23 15 00 -0.88 -1.68 -5.26
2018 04 10 23 16 00 -1.02 -1.61 -5.27
2018 04 10 23 17 00 -1.04 -1.55 -5.27
2018 04 10 23 18 00 -0.60 -1.51 -5.49
2018 04 10 23 19 00 0.34 -0.95 -5.30
2018 04 10 23 20 00 1.70 0.95 -4.39
2018 04 10 23 21 00 3.39 0.15 -4.52
2018 04 10 23 22 00 4.83 0.02 -4.02
2018 04 10 23 23 00 4.57 0.35 -3.98
2018 04 10 23 24 00 3.68 -0.13 -4.50
2018 04 10 23 25 00 4.04 0.22 -4.31
2018 04 10 23 26 00 4.51 0.77 -4.07
2018 04 10 23 27 00 4.11 0.58 -4.19
2018 04 10 23 28 00 3.75 0.15 -4.18
2018 04 10 23 29 00 4.26 1.15 -3.98
2018 04 10 23 30 00 4.77 0.98 -3.66
2018 04 10 23 31 00 4.61 0.78 -3.70
2018 04 10 23 32 00 3.63 0.47 -4.14
2018 04 10 23 33 00 4.45 1.44 -3.16
2018 04 10 23 34 00 5.21 1.85 -2.64
2018 04 10 23 35 00 5.63 2.31 -2.13
2018 04 10 23 36 00 5.71 2.39 -1.55
2018 04 10 23 37 00 5.71 2.59 -1.59
2018 04 10 23 38 00 5.67 2.04 -2.25
2018 04 10 23 39 00 5.53 1.40 -2.97
2018 04 10 23 40 00 5.64 1.20 -3.00
2018 04 10 23 41 00 5.51 1.48 -3.06
2018 04 10 23 42 00 5.56 1.39 -2.99
2018 04 10 23 43 00 5.55 1.65 -2.81
2018 04 10 23 44 00 5.42 1.80 -2.99
2018 04 10 23 45 00 5.74 1.46 -2.60
2018 04 10 23 46 00 5.81 0.99 -2.55
2018 04 10 23 47 00 5.94 0.36 -2.45
2018 04 10 23 48 00 5.97 0.43 -2.47
2018 04 10 23 49 00 5.91 1.02 -2.51
2018 04 10 23 50 00 5.78 0.84 -2.85
2018 04 10 23 51 00 5.68 1.05 -2.91
2018 04 10 23 52 00 5.28 2.64 -2.64
2018 04 10 23 53 00 5.20 2.29 -2.13
2018 04 10 23 54 00 5.66 1.94 -2.81
2018 04 10 23 55 00 5.07 2.85 -1.64
2018 04 10 23 56 00 4.68 1.10 -3.13
2018 04 10 23 57 00 4.70 1.81 -2.05
2018 04 10 23 58 00 4.35 1.84 -1.39
2018 04 10 23 59 00 4.95 2.47 -0.23
2018 04 11 0 0 00 4.76 2.76 -1.27
2018 04 11 0 1 00 5.17 2.49 -2.36
2018 04 11 0 2 00 4.02 1.60 -1.11
2018 04 11 0 3 00 4.65 0.93 -1.57
2018 04 11 0 4 00 4.46 0.86 -1.54
2018 04 11 0 5 00 4.82 0.27 -2.07
2018 04 11 0 6 00 4.89 0.32 -1.53
2018 04 11 0 7 00 5.19 1.10 -1.32
2018 04 11 0 8 00 5.14 -0.34 -1.07
2018 04 11 0 9 00 4.23 1.37 -0.52
2018 04 11 0 10 00 2.83 3.28 2.77
2018 04 11 0 11 00 4.81 1.12 0.56
2018 04 11 0 12 00 4.71 -1.79 0.43
2018 04 11 0 13 00 4.57 -1.62 0.17
2018 04 11 0 14 00 4.34 -0.84 -1.88
2018 04 11 0 15 00 4.37 -1.62 -1.00
2018 04 11 0 16 00 4.42 -0.98 -1.39
2018 04 11 0 17 00 4.50 -1.14 -0.63
2018 04 11 0 18 00 4.27 -1.86 -0.59
2018 04 11 0 19 00 4.62 -1.67 -0.36
2018 04 11 0 20 00 4.64 -1.66 -0.34
2018 04 11 0 21 00 4.69 -1.66 -0.33
2018 04 11 0 22 00 4.98 0.01 -0.58
2018 04 11 0 23 00 5.36 2.00 -0.15
2018 04 11 0 24 00 4.53 -1.63 -1.01
2018 04 11 0 25 00 4.07 -1.86 -1.63
2018 04 11 0 26 00 3.42 -2.64 -1.06
2018 04 11 0 27 00 4.13 -1.88 -0.46
2018 04 11 0 28 00 4.36 -1.18 -0.93
2018 04 11 0 29 00 4.36 -1.18 -0.93
2018 04 11 0 30 00 4.51 -0.60 -0.88
2018 04 11 0 31 00 4.46 -0.71 -1.08
2018 04 11 0 32 00 4.29 -1.70 -0.80
2018 04 11 0 33 00 4.04 -2.45 -0.46
2018 04 11 0 34 00 3.93 -2.55 -0.70
2018 04 11 0 35 00 3.91 -2.58 -0.65
2018 04 11 0 36 00 3.93 -2.54 -0.65
2018 04 11 0 37 00 4.41 -1.65 -0.59
2018 04 11 0 38 00 4.64 -0.81 -0.76
2018 04 11 0 39 00 4.62 -0.58 -0.41
2018 04 11 0 40 00 4.72 -0.36 -0.31
2018 04 11 0 41 00 4.74 -0.46 -0.02
2018 04 11 0 42 00 4.66 -0.22 0.64
2018 04 11 0 43 00 4.56 -0.11 0.26
2018 04 11 0 44 00 4.58 -0.07 -0.51
2018 04 11 0 45 00 4.62 -0.14 -0.76
2018 04 11 0 46 00 4.65 -0.25 -0.56
2018 04 11 0 47 00 4.63 -0.53 -0.68
2018 04 11 0 48 00 4.60 -0.81 -0.28
2018 04 11 0 49 00 4.64 -1.07 -0.27
2018 04 11 0 50 00 4.73 -1.21 -0.36
2018 04 11 0 51 00 4.83 -0.57 -0.65
2018 04 11 0 52 00 4.90 -0.02 -0.24
2018 04 11 0 53 00 4.80 -0.04 0.36
2018 04 11 0 54 00 4.59 -0.06 0.72
2018 04 11 0 55 00 4.65 0.37 0.61
2018 04 11 0 56 00 4.50 0.53 0.72
2018 04 11 0 57 00 3.95 0.16 1.19
2018 04 11 0 58 00 3.92 -0.28 1.71
2018 04 11 0 59 00 3.67 -1.48 2.23
2018 04 11 1 0 00 2.84 -2.22 2.20
2018 04 11 1 1 00 2.35 -3.24 1.97
2018 04 11 1 2 00 1.69 -3.52 1.93
2018 04 11 1 3 00 0.75 -5.60 0.20
2018 04 11 1 4 00 0.31 -5.71 0.47
2018 04 11 1 5 00 0.96 -5.54 0.40
2018 04 11 1 6 00 1.21 -5.37 1.30
2018 04 11 1 7 00 1.58 -4.92 1.07
2018 04 11 1 8 00 1.38 -5.11 1.14
2018 04 11 1 9 00 0.86 -5.10 1.51
2018 04 11 1 10 00 1.36 -5.23 0.50
2018 04 11 1 11 00 1.32 -5.24 -0.07
2018 04 11 1 12 00 1.27 -5.15 0.91
2018 04 11 1 13 00 1.18 -5.04 1.07
2018 04 11 1 14 00 0.83 -4.52 1.00
2018 04 11 1 15 00 0.70 -4.87 1.59
2018 04 11 1 16 00 0.25 -5.21 -0.24
2018 04 11 1 17 00 0.87 -5.14 0.22
2018 04 11 1 18 00 9999.99 9999.99 9999.99
2018 04 11 1 19 00 9999.99 9999.99 9999.99
2018 04 11 1 20 00 1.64 -5.15 0.27
2018 04 11 1 21 00 9999.99 9999.99 9999.99
2018 04 11 1 22 00 9999.99 9999.99 9999.99
2018 04 11 1 23 00 1.30 -5.50 -0.19
2018 04 11 1 24 00 1.30 -5.50 -0.18
2018 04 11 1 25 00 9999.99 9999.99 9999.99
2018 04 11 1 26 00 9999.99 9999.99 9999.99
2018 04 11 1 27 00 1.34 -5.54 -0.33
2018 04 11 1 28 00 9999.99 9999.99 9999.99
2018 04 11 1 29 00 9999.99 9999.99 9999.99
2018 04 11 1 30 00 9999.99 9999.99 9999.99
2018 04 11 1 31 00 1.12 -5.20 -0.51
2018 04 11 1 32 00 9999.99 9999.99 9999.99
2018 04 11 1 33 00 9999.99 9999.99 9999.99
2018 04 11 1 34 00 1.08 -4.64 -0.68
2018 04 11 1 35 00 9999.99 9999.99 9999.99
2018 04 11 1 36 00 9999.99 9999.99 9999.99
2018 04 11 1 37 00 9999.99 9999.99 9999.99
2018 04 11 1 38 00 1.60 -4.35 -0.40
2018 04 11 1 39 00 2.70 0.78 5.19
2018 04 11 1 40 00 9999.99 9999.99 9999.99
2018 04 11 1 41 00 3.20 1.20 4.72
2018 04 11 1 42 00 9999.99 9999.99 9999.99
2018 04 11 1 43 00 2.54 -1.90 1.94
2018 04 11 1 44 00 9999.99 9999.99 9999.99
2018 04 11 1 45 00 3.74 -0.05 2.33
2018 04 11 1 46 00 2.76 0.42 1.26
2018 04 11 1 47 00 2.83 1.25 1.70
2018 04 11 1 48 00 2.84 1.27 1.08
2018 04 11 1 49 00 3.14 0.44 1.54
2018 04 11 1 50 00 3.77 -0.29 0.74
2018 04 11 1 51 00 3.67 1.45 0.81
2018 04 11 1 52 00 4.62 -0.12 3.44
2018 04 11 1 53 00 4.42 1.05 2.86
2018 04 11 1 54 00 3.79 1.03 3.67
2018 04 11 1 55 00 4.40 2.11 2.37
2018 04 11 1 56 00 4.30 2.40 2.20
2018 04 11 1 57 00 4.08 1.43 2.70
2018 04 11 1 58 00 4.28 1.31 2.20
2018 04 11 1 59 00 3.29 2.08 2.81
2018 04 11 2 0 00 2.61 2.19 3.29
2018 04 11 2 1 00 2.65 2.60 3.04
2018 04 11 2 2 00 4.46 0.43 1.55
2018 04 11 2 3 00 4.23 -1.51 -0.70
2018 04 11 2 4 00 4.64 1.63 1.00
2018 04 11 2 5 00 4.53 -0.02 0.18
2018 04 11 2 6 00 4.28 -1.64 -0.62
2018 04 11 2 7 00 4.71 -0.13 0.56
2018 04 11 2 8 00 4.43 -0.06 0.74
2018 04 11 2 9 00 3.67 1.23 1.43
2018 04 11 2 10 00 3.82 -2.58 -0.66
2018 04 11 2 11 00 1.70 -2.97 -2.53
2018 04 11 2 12 00 0.81 -3.18 -3.07
2018 04 11 2 13 00 1.13 -2.69 -2.47
2018 04 11 2 14 00 0.35 -3.59 -3.16
2018 04 11 2 15 00 4.25 1.08 1.42
2018 04 11 2 16 00 4.73 1.87 2.68
2018 04 11 2 17 00 3.72 0.02 0.98
2018 04 11 2 18 00 4.60 1.73 2.89
2018 04 11 2 19 00 3.51 -0.42 0.73
2018 04 11 2 20 00 3.36 -0.15 0.39
2018 04 11 2 21 00 3.13 -1.25 -0.30
2018 04 11 2 22 00 5.11 1.50 2.64
2018 04 11 2 23 00 3.90 -0.61 0.98
2018 04 11 2 24 00 4.94 1.16 2.62
2018 04 11 2 25 00 3.95 -1.03 1.13
2018 04 11 2 26 00 4.56 0.59 3.21
2018 04 11 2 27 00 1.85 -4.67 -2.05
2018 04 11 2 28 00 2.40 -4.02 -1.05
2018 04 11 2 29 00 3.96 -0.71 1.44
2018 04 11 2 30 00 -0.41 -1.41 1.02
2018 04 11 2 31 00 4.97 0.72 2.54
2018 04 11 2 32 00 1.81 -4.79 -2.63
2018 04 11 2 33 00 4.29 0.74 2.17
2018 04 11 2 34 00 2.28 -4.62 -3.19
2018 04 11 2 35 00 1.99 -4.41 -3.62
2018 04 11 2 36 00 3.65 -1.23 0.17
2018 04 11 2 37 00 2.42 1.42 3.69
2018 04 11 2 38 00 2.76 -4.54 -2.99
2018 04 11 2 39 00 4.10 -1.62 -0.57
2018 04 11 2 40 00 0.40 -1.10 0.65
2018 04 11 2 41 00 3.49 -4.45 -3.13
2018 04 11 2 42 00 1.80 -0.17 1.30
2018 04 11 2 43 00 -1.03 0.36 2.22
2018 04 11 2 44 00 1.01 -1.60 -0.53
2018 04 11 2 45 00 0.26 -0.41 -0.16
2018 04 11 2 46 00 0.07 0.44 0.91
2018 04 11 2 47 00 2.33 -3.47 -4.25
2018 04 11 2 48 00 2.24 -0.77 1.28
2018 04 11 2 49 00 3.12 -2.68 -0.81
2018 04 11 2 50 00 1.01 0.59 2.44
2018 04 11 2 51 00 0.47 -0.04 1.17
2018 04 11 2 52 00 -0.17 -0.48 0.25
2018 04 11 2 53 00 2.15 -0.94 1.61
2018 04 11 2 54 00 3.18 -2.22 -0.31
2018 04 11 2 55 00 3.12 -2.53 -0.50
2018 04 11 2 56 00 2.04 -2.07 0.72
2018 04 11 2 57 00 1.78 -2.21 0.31
2018 04 11 2 58 00 2.99 -2.93 -1.19
2018 04 11 2 59 00 2.96 -3.09 -1.19
2018 04 11 3 0 00 1.70 -1.97 0.35
2018 04 11 3 1 00 1.92 -3.32 -5.36
2018 04 11 3 2 00 1.76 -3.07 -5.64
2018 04 11 3 3 00 2.23 -3.84 -5.10
2018 04 11 3 4 00 0.50 -1.90 0.95
2018 04 11 3 5 00 1.27 -4.09 -4.37
2018 04 11 3 6 00 1.11 -4.33 -4.29
2018 04 11 3 7 00 0.91 -3.99 -4.67
2018 04 11 3 8 00 0.98 -2.74 -1.14
2018 04 11 3 9 00 1.61 -4.25 -4.04
2018 04 11 3 10 00 1.86 -4.06 -3.91
2018 04 11 3 11 00 2.31 -3.21 -3.42
2018 04 11 3 12 00 0.19 -0.02 1.82
2018 04 11 3 13 00 -0.49 -2.46 -1.99
2018 04 11 3 14 00 -0.60 -1.86 -4.02
2018 04 11 3 15 00 9999.99 9999.99 9999.99
2018 04 11 3 16 00 1.00 -3.70 -4.09
2018 04 11 3 17 00 1.24 -4.46 -4.16
2018 04 11 3 18 00 1.87 -3.69 -1.49
2018 04 11 3 19 00 1.28 -2.20 -1.58
2018 04 11 3 20 00 -0.31 -2.05 -1.27
2018 04 11 3 21 00 0.27 -3.39 -1.19
2018 04 11 3 22 00 0.77 -4.10 -4.03
2018 04 11 3 23 00 1.56 -3.57 -3.30
2018 04 11 3 24 00 0.90 -3.61 -5.03
2018 04 11 3 25 00 1.27 -3.37 -3.63
2018 04 11 3 26 00 1.09 -0.95 0.85
2018 04 11 3 27 00 0.99 -0.72 1.36
2018 04 11 3 28 00 1.77 -1.45 1.57
2018 04 11 3 29 00 1.64 -0.84 4.59
2018 04 11 3 30 00 1.43 0.28 4.24
2018 04 11 3 31 00 0.78 -2.27 4.16
2018 04 11 3 32 00 1.53 -2.44 0.45
2018 04 11 3 33 00 1.59 -1.56 0.06
2018 04 11 3 34 00 1.15 -1.19 1.52
2018 04 11 3 35 00 0.92 -0.02 2.31
2018 04 11 3 36 00 1.35 0.24 3.69
2018 04 11 3 37 00 2.15 -2.01 4.34
2018 04 11 3 38 00 2.79 -2.59 3.55
2018 04 11 3 39 00 2.79 -2.68 3.69
2018 04 11 3 40 00 1.98 -4.24 2.14
2018 04 11 3 41 00 2.19 -4.54 -0.15
2018 04 11 3 42 00 1.89 -2.63 -3.56
2018 04 11 3 43 00 1.52 -2.44 -3.01
2018 04 11 3 44 00 1.21 -2.49 -3.33
2018 04 11 3 45 00 0.37 -2.22 -4.96
2018 04 11 3 46 00 0.29 -2.90 -4.76
2018 04 11 3 47 00 0.61 -2.64 -4.66
2018 04 11 3 48 00 -0.28 -2.77 -4.39
2018 04 11 3 49 00 -0.98 -2.28 -4.49
2018 04 11 3 50 00 0.10 -2.56 -4.49
2018 04 11 3 51 00 0.71 -4.29 -3.37
2018 04 11 3 52 00 -0.51 -5.27 -2.98
2018 04 11 3 53 00 -0.58 -4.97 -3.71
2018 04 11 3 54 00 0.00 -4.38 -3.77
2018 04 11 3 55 00 0.78 -4.22 -2.21
2018 04 11 3 56 00 0.10 -3.70 -3.84
2018 04 11 3 57 00 1.75 -2.89 -2.78
2018 04 11 3 58 00 2.52 -3.01 1.93
2018 04 11 3 59 00 1.91 -3.17 2.68
2018 04 11 4 0 00 1.66 -3.89 1.36
2018 04 11 4 1 00 1.74 -3.48 -0.56
2018 04 11 4 2 00 0.41 -3.46 -2.92
2018 04 11 4 3 00 -0.94 -2.26 -4.56
2018 04 11 4 4 00 -0.73 -2.19 -4.53
2018 04 11 4 5 00 -0.13 -2.77 -4.08
2018 04 11 4 6 00 0.29 -3.95 -2.86
2018 04 11 4 7 00 1.00 -3.73 -3.51
2018 04 11 4 8 00 0.99 -3.12 -4.08
2018 04 11 4 9 00 1.26 -3.40 -4.01
2018 04 11 4 10 00 1.21 -3.70 -3.75
2018 04 11 4 11 00 1.63 -1.69 -4.59
2018 04 11 4 12 00 2.06 0.27 -4.18
2018 04 11 4 13 00 2.13 0.61 -4.11
2018 04 11 4 14 00 2.07 1.34 -4.01
2018 04 11 4 15 00 1.55 0.58 -4.20
2018 04 11 4 16 00 1.22 1.67 -4.21
2018 04 11 4 17 00 1.15 1.74 -4.19
2018 04 11 4 18 00 0.86 2.04 -4.11
2018 04 11 4 19 00 1.53 1.56 -4.13
2018 04 11 4 20 00 2.45 0.78 -3.83
2018 04 11 4 21 00 2.50 0.65 -3.65
2018 04 11 4 22 00 9999.99 9999.99 9999.99
2018 04 11 4 23 00 2.73 -0.91 -3.67
2018 04 11 4 24 00 3.00 -1.32 -3.34
2018 04 11 4 25 00 2.38 -1.37 -3.48
2018 04 11 4 26 00 1.63 -0.88 -4.61
2018 04 11 4 27 00 1.93 -0.26 -4.78
2018 04 11 4 28 00 1.85 1.41 -4.24
2018 04 11 4 29 00 1.49 1.04 -4.60
2018 04 11 4 30 00 1.09 1.83 -4.19
2018 04 11 4 31 00 0.74 0.80 -4.73
2018 04 11 4 32 00 0.67 0.60 -5.00
2018 04 11 4 33 00 0.81 -0.02 -5.18
2018 04 11 4 34 00 0.72 -0.18 -5.23
2018 04 11 4 35 00 2.25 0.03 -4.01
2018 04 11 4 36 00 2.73 0.31 -3.28
2018 04 11 4 37 00 1.67 -0.51 -2.78
2018 04 11 4 38 00 1.17 -0.70 -2.82
2018 04 11 4 39 00 1.17 0.80 -2.94
2018 04 11 4 40 00 1.47 1.78 -3.26
2018 04 11 4 41 00 1.97 0.93 -3.62
2018 04 11 4 42 00 0.60 -1.30 -4.12
2018 04 11 4 43 00 1.89 1.97 -2.36
2018 04 11 4 44 00 0.68 -0.98 -3.49
2018 04 11 4 45 00 2.21 2.08 -1.58
2018 04 11 4 46 00 1.72 1.36 -1.64
2018 04 11 4 47 00 2.37 2.70 -0.93
2018 04 11 4 48 00 1.61 1.86 -1.86
2018 04 11 4 49 00 3.29 3.02 -0.55
2018 04 11 4 50 00 2.52 2.90 -0.97
2018 04 11 4 51 00 2.64 1.85 -3.54
2018 04 11 4 52 00 2.68 2.51 -1.82
2018 04 11 4 53 00 1.88 0.77 -3.08
2018 04 11 4 54 00 2.07 -0.17 -4.01
2018 04 11 4 55 00 2.19 0.14 -3.31
2018 04 11 4 56 00 2.76 0.57 -3.28
2018 04 11 4 57 00 -1.31 -3.11 -1.08
2018 04 11 4 58 00 1.08 -3.94 -0.70
2018 04 11 4 59 00 1.86 -4.15 -2.96
2018 04 11 5 0 00 1.68 -1.64 -3.85
2018 04 11 5 1 00 1.79 -4.33 -2.47
2018 04 11 5 2 00 1.19 -4.16 -3.13
2018 04 11 5 3 00 1.44 -3.76 -3.34
2018 04 11 5 4 00 1.39 -3.79 -3.29
2018 04 11 5 5 00 9999.99 9999.99 9999.99
2018 04 11 5 6 00 1.20 -3.65 -3.55
2018 04 11 5 7 00 9999.99 9999.99 9999.99
2018 04 11 5 8 00 0.87 -2.97 -4.07
2018 04 11 5 9 00 9999.99 9999.99 9999.99
2018 04 11 5 10 00 1.96 -1.44 -1.05
2018 04 11 5 11 00 3.24 -0.09 2.34
2018 04 11 5 12 00 3.78 0.89 3.32
2018 04 11 5 13 00 3.71 0.91 3.29
2018 04 11 5 14 00 4.02 0.74 2.87
2018 04 11 5 15 00 2.67 -0.36 1.25
2018 04 11 5 16 00 3.74 0.07 2.60
2018 04 11 5 17 00 2.95 -1.22 0.70
2018 04 11 5 18 00 2.55 -1.89 -0.21
2018 04 11 5 19 00 1.00 -3.33 -2.15
2018 04 11 5 20 00 2.63 -2.83 -1.46
2018 04 11 5 21 00 3.41 -2.31 -0.57
2018 04 11 5 22 00 2.84 -2.42 -0.06
2018 04 11 5 23 00 3.22 -2.60 -0.38
2018 04 11 5 24 00 3.23 -2.64 -1.82
2018 04 11 5 25 00 3.13 -2.65 -1.72
2018 04 11 5 26 00 3.03 -3.14 -1.79
2018 04 11 5 27 00 3.62 -2.07 -1.52
2018 04 11 5 28 00 2.90 -2.54 -2.37
2018 04 11 5 29 00 3.87 -2.21 -0.99
2018 04 11 5 30 00 3.91 -1.86 -0.91
2018 04 11 5 31 00 3.63 -2.38 -1.31
2018 04 11 5 32 00 4.59 -1.06 -0.99
2018 04 11 5 33 00 3.96 -1.73 0.24
2018 04 11 5 34 00 3.65 -1.33 0.23
2018 04 11 5 35 00 3.80 -1.22 -0.10
2018 04 11 5 36 00 3.80 -1.80 0.22
2018 04 11 5 37 00 4.04 -1.40 0.29
2018 04 11 5 38 00 3.78 -1.72 -0.88
2018 04 11 5 39 00 4.01 -0.76 -0.38
2018 04 11 5 40 00 3.83 0.14 -0.68
2018 04 11 5 41 00 3.93 0.48 -0.85
2018 04 11 5 42 00 4.14 2.18 0.16
2018 04 11 5 43 00 4.31 3.37 -0.23
2018 04 11 5 44 00 4.34 1.74 0.65
2018 04 11 5 45 00 3.85 1.26 -1.23
2018 04 11 5 46 00 3.04 2.48 -1.66
2018 04 11 5 47 00 3.49 2.40 -0.76
2018 04 11 5 48 00 3.12 2.43 -2.79
2018 04 11 5 49 00 3.83 0.56 -2.28
2018 04 11 5 50 00 3.09 1.58 -2.83
2018 04 11 5 51 00 3.16 2.25 -1.93
2018 04 11 5 52 00 2.83 0.66 -1.96
2018 04 11 5 53 00 3.03 0.13 -1.70
2018 04 11 5 54 00 2.96 -0.05 -2.15
2018 04 11 5 55 00 3.00 0.46 -1.92
2018 04 11 5 56 00 2.93 0.57 -1.97
2018 04 11 5 57 00 3.16 -0.05 -1.59
2018 04 11 5 58 00 3.42 -1.44 -0.66
2018 04 11 5 59 00 3.58 -1.32 -0.99
2018 04 11 6 0 00 3.67 -1.15 -0.87
2018 04 11 6 1 00 3.76 -0.92 -0.59
2018 04 11 6 2 00 3.75 -0.73 -0.71
2018 04 11 6 3 00 3.85 -0.44 -0.70
2018 04 11 6 4 00 3.88 -0.42 -0.60
2018 04 11 6 5 00 3.46 0.05 -1.58
2018 04 11 6 6 00 3.81 -0.56 -0.41
2018 04 11 6 7 00 3.74 -0.98 -0.04
2018 04 11 6 8 00 3.53 -1.50 -0.14
2018 04 11 6 9 00 3.63 -1.10 -0.13
2018 04 11 6 10 00 3.57 -0.72 -0.38
2018 04 11 6 11 00 3.45 -1.00 -0.64
2018 04 11 6 12 00 3.47 -1.44 -0.37
2018 04 11 6 13 00 3.33 -1.45 -0.02
2018 04 11 6 14 00 3.57 -1.49 0.05
2018 04 11 6 15 00 3.33 -2.04 0.05
2018 04 11 6 16 00 2.86 -1.71 -0.08
2018 04 11 6 17 00 2.62 -2.45 -1.06
2018 04 11 6 18 00 2.61 -2.43 -1.03
2018 04 11 6 19 00 2.79 -2.30 -0.78
2018 04 11 6 20 00 3.03 -1.91 -0.22
2018 04 11 6 21 00 2.15 -2.68 0.33
2018 04 11 6 22 00 2.51 -2.09 -0.76
2018 04 11 6 23 00 2.87 -1.69 -0.79
2018 04 11 6 24 00 3.36 -0.82 -0.81
2018 04 11 6 25 00 3.25 -0.76 -0.91
2018 04 11 6 26 00 2.96 -1.10 -1.62
2018 04 11 6 27 00 2.96 -1.10 -1.62
2018 04 11 6 28 00 3.22 -0.21 -1.62
2018 04 11 6 29 00 3.34 0.17 -1.20
2018 04 11 6 30 00 9999.99 9999.99 9999.99
2018 04 11 6 31 00 3.28 -0.14 -1.32
2018 04 11 6 32 00 3.41 -0.10 -1.03
2018 04 11 6 33 00 9999.99 9999.99 9999.99
2018 04 11 6 34 00 3.26 -0.40 -1.48
2018 04 11 6 35 00 3.07 -1.31 -1.24
2018 04 11 6 36 00 9999.99 9999.99 9999.99
2018 04 11 6 37 00 3.25 -0.80 -1.31
2018 04 11 6 38 00 9999.99 9999.99 9999.99
2018 04 11 6 39 00 3.10 -0.38 -1.62
2018 04 11 6 40 00 9999.99 9999.99 9999.99
2018 04 11 6 41 00 3.04 -0.69 -1.50
2018 04 11 6 42 00 9999.99 9999.99 9999.99
2018 04 11 6 43 00 3.02 -0.87 -1.42
2018 04 11 6 44 00 9999.99 9999.99 9999.99
2018 04 11 6 45 00 3.06 0.39 -1.49
2018 04 11 6 46 00 9999.99 9999.99 9999.99
2018 04 11 6 47 00 2.93 -0.75 -0.82
2018 04 11 6 48 00 2.93 -0.75 -0.82
2018 04 11 6 49 00 9999.99 9999.99 9999.99
2018 04 11 6 50 00 3.09 -0.78 -0.62
2018 04 11 6 51 00 9999.99 9999.99 9999.99
2018 04 11 6 52 00 2.87 -0.35 -1.96
2018 04 11 6 53 00 9999.99 9999.99 9999.99
2018 04 11 6 54 00 2.55 -0.40 -2.25
2018 04 11 6 55 00 2.66 -0.56 -2.66
2018 04 11 6 56 00 1.96 -0.60 -3.14
2018 04 11 6 57 00 1.41 -0.60 -3.29
2018 04 11 6 58 00 1.47 -0.96 -3.17
2018 04 11 6 59 00 1.76 -1.32 -3.04
2018 04 11 7 0 00 1.92 -1.34 -2.84
2018 04 11 7 1 00 1.92 -1.35 -2.84
2018 04 11 7 2 00 9999.99 9999.99 9999.99
2018 04 11 7 3 00 1.75 -1.87 -2.45
2018 04 11 7 4 00 1.11 -2.07 -1.67
2018 04 11 7 5 00 1.57 -1.43 -1.46
2018 04 11 7 6 00 2.09 0.11 -0.43
2018 04 11 7 7 00 1.48 -0.87 -0.14
2018 04 11 7 8 00 0.11 -3.38 -2.07
2018 04 11 7 9 00 1.08 -3.09 -2.03
2018 04 11 7 10 00 1.51 -3.11 -1.87
2018 04 11 7 11 00 0.56 -3.43 -1.69
2018 04 11 7 12 00 0.02 -3.72 -1.64
2018 04 11 7 13 00 0.37 -3.58 -1.80
2018 04 11 7 14 00 0.14 -3.72 -1.86
2018 04 11 7 15 00 0.66 -3.39 -1.84
2018 04 11 7 16 00 0.49 -3.62 -1.85
2018 04 11 7 17 00 1.85 -1.65 -2.85
2018 04 11 7 18 00 1.85 -1.65 -2.84
2018 04 11 7 19 00 0.79 -3.77 -2.03
2018 04 11 7 20 00 9999.99 9999.99 9999.99
2018 04 11 7 21 00 3.24 -2.76 -1.07
2018 04 11 7 22 00 2.94 -3.02 -1.13
2018 04 11 7 23 00 2.98 -3.01 -1.07
2018 04 11 7 24 00 2.83 -3.22 -0.77
2018 04 11 7 25 00 2.63 -3.36 -0.50
2018 04 11 7 26 00 3.04 -2.73 -1.00
2018 04 11 7 27 00 0.67 -3.51 -0.82
2018 04 11 7 28 00 1.12 -3.49 -1.73
2018 04 11 7 29 00 2.90 -2.14 -1.59
2018 04 11 7 30 00 3.34 -0.71 -1.96
2018 04 11 7 31 00 2.68 -1.38 -1.39
2018 04 11 7 32 00 2.81 -1.40 -1.32
2018 04 11 7 33 00 3.25 -1.40 -1.54
2018 04 11 7 34 00 2.97 -0.19 -0.98
2018 04 11 7 35 00 2.29 -2.43 -2.49
2018 04 11 7 36 00 1.29 -2.68 -2.71
2018 04 11 7 37 00 1.76 -2.91 -2.44
2018 04 11 7 38 00 1.29 -3.55 -1.63
2018 04 11 7 39 00 1.08 -3.84 -1.35
2018 04 11 7 40 00 2.15 -3.35 -1.49
2018 04 11 7 41 00 3.23 -2.37 -1.51
2018 04 11 7 42 00 3.42 -2.52 -0.74
2018 04 11 7 43 00 3.61 -2.21 -0.97
2018 04 11 7 44 00 3.40 -2.47 -0.78
2018 04 11 7 45 00 2.47 -3.13 -1.81
2018 04 11 7 46 00 2.55 -3.10 -1.73
2018 04 11 7 47 00 2.23 -3.32 -1.71
2018 04 11 7 48 00 2.18 -3.39 -1.56
2018 04 11 7 49 00 2.20 -3.42 -1.48
2018 04 11 7 50 00 2.29 -3.40 -1.44
2018 04 11 7 51 00 2.40 -3.33 -1.30
2018 04 11 7 52 00 2.85 -2.86 -1.30
2018 04 11 7 53 00 3.06 -2.84 -0.88
2018 04 11 7 54 00 4.19 -0.53 -1.06
2018 04 11 7 55 00 4.26 -0.09 -0.86
2018 04 11 7 56 00 4.24 0.06 -0.98
2018 04 11 7 57 00 2.25 -1.67 -1.27
2018 04 11 7 58 00 1.95 -2.78 -1.36
2018 04 11 7 59 00 1.79 -2.96 -1.45
2018 04 11 8 0 00 0.53 -4.15 -1.28
2018 04 11 8 1 00 0.77 -4.10 -1.54
2018 04 11 8 2 00 0.84 -4.07 -1.46
2018 04 11 8 3 00 2.02 -3.45 -1.66
2018 04 11 8 4 00 2.02 -3.50 -1.51
2018 04 11 8 5 00 2.12 -3.59 -1.24
2018 04 11 8 6 00 3.54 -1.88 -1.47
2018 04 11 8 7 00 3.59 -1.97 -1.48
2018 04 11 8 8 00 3.66 -1.99 -1.23
2018 04 11 8 9 00 3.47 -2.16 -1.62
2018 04 11 8 10 00 2.30 -3.34 -2.04
2018 04 11 8 11 00 2.17 -3.35 -2.26
2018 04 11 8 12 00 2.26 -3.38 -1.99
2018 04 11 8 13 00 2.84 -3.08 -1.79
2018 04 11 8 14 00 2.79 -3.18 -1.48
2018 04 11 8 15 00 2.74 -3.18 -1.55
2018 04 11 8 16 00 3.42 -2.76 -0.92
2018 04 11 8 17 00 3.38 -2.77 -1.05
2018 04 11 8 18 00 3.14 -2.89 -1.49
2018 04 11 8 19 00 2.38 -3.33 -1.96
2018 04 11 8 20 00 2.35 -3.38 -1.93
2018 04 11 8 21 00 1.71 -3.71 -2.12
2018 04 11 8 22 00 1.69 -3.71 -2.04
2018 04 11 8 23 00 1.22 -3.91 -2.19
2018 04 11 8 24 00 0.75 -4.14 -2.43
2018 04 11 8 25 00 1.30 -3.89 -2.36
2018 04 11 8 26 00 1.02 -4.18 -1.66
2018 04 11 8 27 00 0.57 -4.12 -2.30
2018 04 11 8 28 00 1.59 -4.12 -1.93
2018 04 11 8 29 00 1.40 -4.23 -1.96
2018 04 11 8 30 00 1.44 -4.19 -1.94
2018 04 11 8 31 00 1.29 -4.40 -1.63
2018 04 11 8 32 00 1.02 -4.27 -2.15
2018 04 11 8 33 00 0.07 -4.98 -1.19
2018 04 11 8 34 00 0.66 -4.47 -0.55
2018 04 11 8 35 00 0.99 -4.39 1.26
2018 04 11 8 36 00 0.93 -4.49 -0.29
2018 04 11 8 37 00 1.10 -4.33 -1.33
2018 04 11 8 38 00 1.38 -4.15 -1.67
2018 04 11 8 39 00 1.92 -4.48 -1.61
2018 04 11 8 40 00 2.29 -4.35 -1.40
2018 04 11 8 41 00 2.87 -3.74 -1.43
2018 04 11 8 42 00 2.92 -3.04 -2.29
2018 04 11 8 43 00 3.12 -3.10 -2.43
2018 04 11 8 44 00 2.66 -2.64 -3.21
2018 04 11 8 45 00 4.17 -1.42 -2.37
2018 04 11 8 46 00 3.48 -0.32 -3.38
2018 04 11 8 47 00 2.80 -2.76 -2.01
2018 04 11 8 48 00 2.20 -4.43 -1.20
2018 04 11 8 49 00 0.56 -4.70 -0.04
2018 04 11 8 50 00 0.81 -4.71 -0.43
2018 04 11 8 51 00 1.46 -4.76 -0.64
2018 04 11 8 52 00 1.67 -4.73 -0.46
2018 04 11 8 53 00 1.79 -4.68 -0.21
2018 04 11 8 54 00 1.35 -4.66 -0.18
2018 04 11 8 55 00 1.14 -4.52 -0.19
2018 04 11 8 56 00 -1.73 -2.34 1.34
2018 04 11 8 57 00 -3.25 -1.72 2.47
2018 04 11 8 58 00 -2.64 -2.73 2.50
2018 04 11 8 59 00 -2.06 -3.13 2.70
2018 04 11 9 0 00 -0.40 -4.12 1.98
2018 04 11 9 1 00 -2.54 -3.14 2.11
2018 04 11 9 2 00 -1.55 -4.09 1.39
2018 04 11 9 3 00 -2.27 -3.51 1.78
2018 04 11 9 4 00 -2.57 -2.84 2.66
2018 04 11 9 5 00 -1.96 -3.83 1.88
2018 04 11 9 6 00 -2.50 -3.50 1.97
2018 04 11 9 7 00 -2.36 -3.75 1.67
2018 04 11 9 8 00 -1.71 -4.23 1.22
2018 04 11 9 9 00 -2.20 -3.99 1.41
2018 04 11 9 10 00 -2.37 -3.77 1.54
2018 04 11 9 11 00 -2.53 -3.66 1.45
2018 04 11 9 12 00 -3.05 -3.06 1.92
2018 04 11 9 13 00 -2.45 -4.06 1.02
2018 04 11 9 14 00 -2.85 -3.73 1.41
2018 04 11 9 15 00 -2.72 -3.93 1.14
2018 04 11 9 16 00 -2.74 -3.92 1.28
2018 04 11 9 17 00 -2.63 -4.12 0.77
2018 04 11 9 18 00 -2.54 -4.13 1.02
2018 04 11 9 19 00 -2.71 -4.16 -0.08
2018 04 11 9 20 00 -3.31 -3.64 0.62
2018 04 11 9 21 00 -3.31 -3.64 0.63
2018 04 11 9 22 00 -3.77 -3.31 -0.46
2018 04 11 9 23 00 9999.99 9999.99 9999.99
2018 04 11 9 24 00 -2.05 -4.45 0.41
2018 04 11 9 25 00 -0.94 -4.74 0.77
2018 04 11 9 26 00 -0.33 -4.79 0.85
2018 04 11 9 27 00 -1.20 -4.71 0.78
2018 04 11 9 28 00 0.46 -4.65 1.14
2018 04 11 9 29 00 -0.77 -4.20 -0.14
2018 04 11 9 30 00 -3.57 -3.29 -1.10
2018 04 11 9 31 00 -3.68 -3.33 -0.78
2018 04 11 9 32 00 -3.92 -3.07 -0.81
2018 04 11 9 33 00 -3.64 -3.29 -1.04
2018 04 11 9 34 00 -3.45 -3.45 -1.11
2018 04 11 9 35 00 -2.87 -3.94 -1.62
2018 04 11 9 36 00 -2.47 -3.87 -1.88
2018 04 11 9 37 00 -1.79 -4.17 -1.70
2018 04 11 9 38 00 -1.40 -4.28 -1.85
2018 04 11 9 39 00 -1.57 -4.35 0.21
2018 04 11 9 40 00 -1.31 -4.19 -0.58
2018 04 11 9 41 00 -1.04 -4.46 0.23
2018 04 11 9 42 00 -0.76 -4.86 0.08
2018 04 11 9 43 00 -1.65 -4.77 0.46
2018 04 11 9 44 00 -2.31 -4.40 -0.04
2018 04 11 9 45 00 -2.53 -4.26 -0.44
2018 04 11 9 46 00 -2.25 -4.23 -0.99
2018 04 11 9 47 00 -1.32 -4.50 -1.00
2018 04 11 9 48 00 -0.71 -4.60 -1.13
2018 04 11 9 49 00 -0.86 -4.17 -1.17
2018 04 11 9 50 00 0.83 -4.32 0.87
2018 04 11 9 51 00 1.85 -4.25 1.07
2018 04 11 9 52 00 1.86 -4.48 0.59
2018 04 11 9 53 00 1.45 -4.59 0.82
2018 04 11 9 54 00 0.46 -4.75 0.78
2018 04 11 9 55 00 0.29 -4.76 0.71
2018 04 11 9 56 00 1.09 -4.88 0.95
2018 04 11 9 57 00 2.56 -4.31 0.48
2018 04 11 9 58 00 1.09 -5.05 0.54
2018 04 11 9 59 00 1.45 -4.81 -1.33
2018 04 11 10 0 00 1.38 -4.99 -1.42
2018 04 11 10 1 00 0.85 -5.21 -0.71
2018 04 11 10 2 00 0.84 -5.15 -0.24
2018 04 11 10 3 00 1.09 -5.11 -0.50
2018 04 11 10 4 00 1.62 -4.53 -2.22
2018 04 11 10 5 00 2.11 -4.79 -1.36
2018 04 11 10 6 00 1.83 -4.74 -0.93
2018 04 11 10 7 00 1.92 -4.36 -1.18
2018 04 11 10 8 00 1.92 -4.63 -0.34
2018 04 11 10 9 00 2.02 -4.45 -0.74
2018 04 11 10 10 00 2.77 -3.49 -1.70
2018 04 11 10 11 00 3.54 -2.16 -2.08
2018 04 11 10 12 00 2.67 -3.72 -0.39
2018 04 11 10 13 00 2.99 -3.39 -0.22
2018 04 11 10 14 00 3.14 -3.20 -0.52
2018 04 11 10 15 00 3.33 -2.96 -0.48
2018 04 11 10 16 00 3.64 -2.57 -0.97
2018 04 11 10 17 00 4.02 -1.74 -1.11
2018 04 11 10 18 00 3.78 -1.97 -1.02
2018 04 11 10 19 00 3.50 -2.00 -1.66
2018 04 11 10 20 00 3.52 -1.83 -1.62
2018 04 11 10 21 00 3.36 -2.08 -1.82
2018 04 11 10 22 00 3.62 -2.02 -1.41
2018 04 11 10 23 00 3.47 -2.35 -1.46
2018 04 11 10 24 00 3.57 -2.27 -1.19
2018 04 11 10 25 00 3.48 -2.43 -1.39
2018 04 11 10 26 00 2.87 -2.94 -1.82
2018 04 11 10 27 00 3.18 -2.55 -1.82
2018 04 11 10 28 00 2.80 -3.02 -1.51
2018 04 11 10 29 00 3.26 -2.33 -1.80
2018 04 11 10 30 00 3.09 -2.63 -1.84
2018 04 11 10 31 00 3.20 -2.34 -1.70
2018 04 11 10 32 00 3.10 -2.84 -1.75
2018 04 11 10 33 00 3.26 -2.75 -1.78
2018 04 11 10 34 00 2.86 -3.19 -1.58
2018 04 11 10 35 00 2.83 -3.07 -1.81
2018 04 11 10 36 00 2.96 -2.73 -2.12
2018 04 11 10 37 00 2.74 -3.19 -1.92
2018 04 11 10 38 00 2.70 -3.27 -1.76
2018 04 11 10 39 00 2.69 -3.31 -1.68
2018 04 11 10 40 00 2.66 -3.52 -1.20
2018 04 11 10 41 00 2.79 -3.37 -1.35
2018 04 11 10 42 00 2.54 -3.57 -1.31
2018 04 11 10 43 00 1.63 -3.65 -1.43
2018 04 11 10 44 00 1.69 -3.41 -1.66
2018 04 11 10 45 00 1.47 -3.70 -1.21
2018 04 11 10 46 00 1.98 -3.65 -0.93
2018 04 11 10 47 00 1.13 -3.81 -0.29
2018 04 11 10 48 00 -0.42 -3.82 0.26
2018 04 11 10 49 00 -1.20 -3.61 2.46
2018 04 11 10 50 00 0.10 -2.44 3.80
2018 04 11 10 51 00 0.62 -2.22 3.83
2018 04 11 10 52 00 0.34 -2.49 3.89
2018 04 11 10 53 00 1.27 -2.77 0.94
2018 04 11 10 54 00 1.83 -3.17 -1.05
2018 04 11 10 55 00 1.86 -3.93 0.51
2018 04 11 10 56 00 9999.99 9999.99 9999.99
2018 04 11 10 57 00 1.98 -3.92 0.42
2018 04 11 10 58 00 2.29 -4.06 -0.87
2018 04 11 10 59 00 2.50 -3.43 -0.72
2018 04 11 11 0 00 2.45 -3.35 0.42
2018 04 11 11 1 00 2.23 -3.46 -0.04
2018 04 11 11 2 00 1.15 -3.87 0.95
2018 04 11 11 3 00 1.14 -3.94 0.54
2018 04 11 11 4 00 0.96 -3.19 1.68
2018 04 11 11 5 00 -0.22 -0.97 4.64
2018 04 11 11 6 00 0.15 -0.99 4.18
2018 04 11 11 7 00 0.61 -1.77 3.98
2018 04 11 11 8 00 0.92 -0.94 3.88
2018 04 11 11 9 00 1.50 -1.52 3.72
2018 04 11 11 10 00 2.73 -2.77 2.43
2018 04 11 11 11 00 3.22 -2.70 1.81
2018 04 11 11 12 00 3.36 -2.93 0.71
2018 04 11 11 13 00 3.04 -3.17 0.01
2018 04 11 11 14 00 3.26 -2.87 -1.22
2018 04 11 11 15 00 3.55 -2.99 -1.22
2018 04 11 11 16 00 3.43 -3.02 -0.67
2018 04 11 11 17 00 3.37 -3.08 -0.84
2018 04 11 11 18 00 2.90 -3.32 -0.64
2018 04 11 11 19 00 2.64 -3.38 -1.00
2018 04 11 11 20 00 2.56 -3.30 -1.27
2018 04 11 11 21 00 2.53 -3.35 -1.00
2018 04 11 11 22 00 2.52 -3.44 -0.84
2018 04 11 11 23 00 2.19 -3.62 -0.70
2018 04 11 11 24 00 -0.49 -3.49 1.78
2018 04 11 11 25 00 -0.15 -3.75 1.43
2018 04 11 11 26 00 -0.20 -4.00 0.92
2018 04 11 11 27 00 0.36 -4.05 0.61
2018 04 11 11 28 00 0.71 -3.95 0.54
2018 04 11 11 29 00 1.09 -3.97 0.02
2018 04 11 11 30 00 1.60 -3.73 -0.21
2018 04 11 11 31 00 1.31 -3.81 -0.55
2018 04 11 11 32 00 1.02 -3.88 -0.90
2018 04 11 11 33 00 -0.92 -3.34 -2.29
2018 04 11 11 34 00 1.51 -3.53 -1.59
2018 04 11 11 35 00 2.60 -3.27 -0.43
2018 04 11 11 36 00 2.49 -3.34 -0.68
2018 04 11 11 37 00 2.50 -3.36 -0.40
2018 04 11 11 38 00 2.24 -3.51 -0.52
2018 04 11 11 39 00 1.85 -3.69 -0.53
2018 04 11 11 40 00 2.21 -3.43 0.03
2018 04 11 11 41 00 1.56 -3.81 -0.75
2018 04 11 11 42 00 1.62 -3.76 -0.50
2018 04 11 11 43 00 2.32 -3.40 0.09
2018 04 11 11 44 00 2.47 -2.20 1.62
2018 04 11 11 45 00 2.22 -2.81 0.96
2018 04 11 11 46 00 3.04 -2.05 0.82
2018 04 11 11 47 00 3.28 -1.86 0.68
2018 04 11 11 48 00 3.56 -1.66 0.39
2018 04 11 11 49 00 3.51 -1.48 0.11
2018 04 11 11 50 00 3.63 -1.34 0.13
2018 04 11 11 51 00 3.42 -1.24 0.52
2018 04 11 11 52 00 3.50 -1.07 -0.17
2018 04 11 11 53 00 3.47 -1.43 -0.09
2018 04 11 11 54 00 3.74 -1.02 0.54
2018 04 11 11 55 00 3.36 -1.49 0.93
2018 04 11 11 56 00 3.33 -1.60 0.76
2018 04 11 11 57 00 3.49 -1.67 0.98
2018 04 11 11 58 00 3.43 -1.70 1.20
2018 04 11 11 59 00 3.23 -1.30 1.59
2018 04 11 12 0 00 3.31 -1.29 1.49
2018 04 11 12 1 00 3.45 -0.35 0.96
2018 04 11 12 2 00 3.44 -0.69 0.94
2018 04 11 12 3 00 3.57 -1.01 -0.13
2018 04 11 12 4 00 3.64 -2.01 0.13
2018 04 11 12 5 00 3.64 -2.01 0.13
2018 04 11 12 6 00 3.67 -1.92 0.07
2018 04 11 12 7 00 3.67 -1.92 0.07
2018 04 11 12 8 00 3.53 -2.07 0.50
2018 04 11 12 9 00 3.30 -1.21 -0.95
2018 04 11 12 10 00 3.12 -1.06 -1.56
2018 04 11 12 11 00 3.29 -1.24 -1.03
2018 04 11 12 12 00 3.45 -1.44 -0.70
2018 04 11 12 13 00 3.58 -1.31 -0.61
2018 04 11 12 14 00 3.58 -1.30 -0.37
2018 04 11 12 15 00 3.53 -1.40 -0.36
2018 04 11 12 16 00 3.44 -1.58 -0.15
2018 04 11 12 17 00 3.25 -1.69 0.60
2018 04 11 12 18 00 3.57 -1.55 0.29
2018 04 11 12 19 00 3.54 -1.74 0.32
2018 04 11 12 20 00 3.58 -1.76 0.24
2018 04 11 12 21 00 3.97 -1.00 0.04
2018 04 11 12 22 00 3.89 -1.35 -0.15
2018 04 11 12 23 00 3.84 -1.70 -0.67
2018 04 11 12 24 00 3.81 -1.76 -0.63
2018 04 11 12 25 00 3.90 -1.73 -0.51
2018 04 11 12 26 00 3.79 -1.61 -0.79
2018 04 11 12 27 00 3.89 -1.34 -0.72
2018 04 11 12 28 00 3.93 -1.29 -0.72
2018 04 11 12 29 00 3.48 -1.83 -0.43
2018 04 11 12 30 00 3.45 -1.93 -0.02
2018 04 11 12 31 00 3.45 -1.86 -0.23
2018 04 11 12 32 00 3.62 -1.55 -0.78
2018 04 11 12 33 00 3.53 -1.49 -1.55
2018 04 11 12 34 00 9999.99 9999.99 9999.99
2018 04 11 12 35 00 9999.99 9999.99 9999.99
2018 04 11 12 36 00 9999.99 9999.99 9999.99
2018 04 11 12 37 00 9999.99 9999.99 9999.99
2018 04 11 12 38 00 3.53 -1.42 -1.46
2018 04 11 12 39 00 3.42 -1.75 -0.11
2018 04 11 12 40 00 9999.99 9999.99 9999.99
2018 04 11 12 41 00 9999.99 9999.99 9999.99
2018 04 11 12 42 00 9999.99 9999.99 9999.99
2018 04 11 12 43 00 9999.99 9999.99 9999.99
2018 04 11 12 44 00 3.61 -1.45 -1.29
2018 04 11 12 45 00 3.65 -1.44 -1.15
2018 04 11 12 46 00 9999.99 9999.99 9999.99
2018 04 11 12 47 00 3.67 -1.54 -1.17
2018 04 11 12 48 00 9999.99 9999.99 9999.99
2018 04 11 12 49 00 3.67 -1.38 -1.36
2018 04 11 12 50 00 3.63 -1.30 -1.55
2018 04 11 12 51 00 3.47 -1.48 -1.02
2018 04 11 12 52 00 3.53 -1.20 -1.27
2018 04 11 12 53 00 3.49 -1.12 -1.52
2018 04 11 12 54 00 3.23 -1.15 -1.57
2018 04 11 12 55 00 3.57 -1.39 -0.81
2018 04 11 12 56 00 3.71 -0.97 0.87
2018 04 11 12 57 00 3.75 -0.83 0.87
2018 04 11 12 58 00 3.73 -0.80 1.04
2018 04 11 12 59 00 3.90 -1.07 -0.12
2018 04 11 13 0 00 3.97 -0.88 0.01
2018 04 11 13 1 00 3.98 -0.78 0.11
2018 04 11 13 2 00 3.99 -0.50 0.39
2018 04 11 13 3 00 3.96 -0.65 0.20
2018 04 11 13 4 00 3.91 -0.82 -0.09
2018 04 11 13 5 00 3.89 -0.57 0.33
2018 04 11 13 6 00 3.88 -0.90 0.14
2018 04 11 13 7 00 3.82 -1.21 -0.04
2018 04 11 13 8 00 3.81 -1.23 -0.05
2018 04 11 13 9 00 3.86 -1.13 0.19
2018 04 11 13 10 00 3.80 -1.22 0.14
2018 04 11 13 11 00 3.85 -1.30 0.17
2018 04 11 13 12 00 4.14 -0.27 0.53
2018 04 11 13 13 00 4.07 -0.98 0.14
2018 04 11 13 14 00 3.77 -1.22 -0.25
2018 04 11 13 15 00 3.67 -1.32 -0.74
2018 04 11 13 16 00 3.50 -1.45 -1.11
2018 04 11 13 17 00 2.72 -2.01 -1.84
2018 04 11 13 18 00 2.63 -2.29 -1.72
2018 04 11 13 19 00 3.05 -1.81 -1.56
2018 04 11 13 20 00 2.92 -2.01 -1.68
2018 04 11 13 21 00 3.54 -1.79 -0.56
2018 04 11 13 22 00 9999.99 9999.99 9999.99
2018 04 11 13 23 00 3.77 -1.39 0.81
2018 04 11 13 24 00 3.77 -1.37 1.06
2018 04 11 13 25 00 3.71 -1.30 1.15
2018 04 11 13 26 00 3.69 -1.04 1.31
2018 04 11 13 27 00 3.80 -1.20 0.66
2018 04 11 13 28 00 3.62 -1.33 1.15
2018 04 11 13 29 00 3.69 -1.38 0.97
2018 04 11 13 30 00 3.61 -1.60 1.01
2018 04 11 13 31 00 3.73 -1.66 0.43
2018 04 11 13 32 00 3.77 -1.56 0.44
2018 04 11 13 33 00 3.78 -1.53 0.65
2018 04 11 13 34 00 3.76 -1.55 0.76
2018 04 11 13 35 00 3.68 -1.83 0.68
2018 04 11 13 36 00 3.62 -1.94 0.41
2018 04 11 13 37 00 3.70 -1.73 0.44
2018 04 11 13 38 00 3.60 -1.90 -0.72
2018 04 11 13 39 00 3.55 -2.03 -0.62
2018 04 11 13 40 00 3.51 -2.04 -0.49
2018 04 11 13 41 00 3.50 -2.11 -0.64
2018 04 11 13 42 00 3.64 -1.93 -0.21
2018 04 11 13 43 00 3.74 -1.73 -0.61
2018 04 11 13 44 00 3.77 -1.55 -0.79
2018 04 11 13 45 00 3.73 -1.55 -0.92
2018 04 11 13 46 00 3.64 -1.78 -0.92
2018 04 11 13 47 00 3.55 -2.01 -0.78
2018 04 11 13 48 00 3.61 -2.01 -0.68
2018 04 11 13 49 00 4.02 -0.95 -0.54
2018 04 11 13 50 00 3.89 -1.37 -0.59
2018 04 11 13 51 00 3.88 -1.44 -0.58
2018 04 11 13 52 00 3.85 -1.41 -0.54
2018 04 11 13 53 00 3.74 -1.74 -0.59
2018 04 11 13 54 00 3.73 -1.69 -0.53
2018 04 11 13 55 00 3.77 -1.50 -0.69
2018 04 11 13 56 00 3.84 -1.30 -0.74
2018 04 11 13 57 00 3.91 -1.24 -0.71
2018 04 11 13 58 00 3.87 -1.49 -0.57
2018 04 11 13 59 00 3.86 -1.64 -0.39
2018 04 11 14 0 00 3.84 -1.54 -0.50
2018 04 11 14 1 00 3.73 -0.98 -0.95
2018 04 11 14 2 00 3.64 -1.40 -0.28
2018 04 11 14 3 00 3.66 -1.54 -0.19
2018 04 11 14 4 00 3.62 -1.26 -0.53
2018 04 11 14 5 00 3.53 -1.42 -0.45
2018 04 11 14 6 00 3.69 -0.76 -0.50
2018 04 11 14 7 00 3.67 -0.67 -0.59
2018 04 11 14 8 00 3.58 -0.70 -0.56
2018 04 11 14 9 00 3.50 -0.81 -0.68
2018 04 11 14 10 00 3.40 -0.70 -0.91
2018 04 11 14 11 00 3.46 -0.58 -0.83
2018 04 11 14 12 00 3.50 -0.35 -0.93
2018 04 11 14 13 00 3.49 -0.21 -0.96
2018 04 11 14 14 00 3.34 -0.57 -1.25
2018 04 11 14 15 00 3.46 -0.71 -0.91
2018 04 11 14 16 00 3.47 -0.69 -0.89
2018 04 11 14 17 00 3.48 -0.79 -0.80
2018 04 11 14 18 00 3.69 -0.15 -0.40
2018 04 11 14 19 00 3.67 -0.51 -0.35
2018 04 11 14 20 00 3.59 -0.93 0.09
2018 04 11 14 21 00 3.49 -1.09 0.10
2018 04 11 14 22 00 3.11 -1.69 -0.52
2018 04 11 14 23 00 3.16 -1.57 -0.50
2018 04 11 14 24 00 3.06 -1.57 -0.69
2018 04 11 14 25 00 3.02 -1.56 -1.11
2018 04 11 14 26 00 2.76 -1.35 -0.72
2018 04 11 14 27 00 2.75 -1.64 -0.01
2018 04 11 14 28 00 2.70 -2.08 0.15
2018 04 11 14 29 00 2.19 -2.29 -0.13
2018 04 11 14 30 00 1.64 -2.94 0.35
2018 04 11 14 31 00 2.88 -1.17 -1.22
2018 04 11 14 32 00 2.02 -2.74 -0.25
2018 04 11 14 33 00 1.41 -3.06 0.53
2018 04 11 14 34 00 3.00 -1.15 -0.98
2018 04 11 14 35 00 3.08 -1.38 -0.75
2018 04 11 14 36 00 2.63 -1.54 -1.18
2018 04 11 14 37 00 2.72 -1.55 -0.38
2018 04 11 14 38 00 0.31 -2.89 1.35
2018 04 11 14 39 00 9999.99 9999.99 9999.99
2018 04 11 14 40 00 1.34 -2.62 1.50
2018 04 11 14 41 00 9999.99 9999.99 9999.99
2018 04 11 14 42 00 0.21 -3.06 1.62
2018 04 11 14 43 00 1.74 -2.71 1.12
2018 04 11 14 44 00 0.42 -3.06 1.58
2018 04 11 14 45 00 1.28 -2.87 1.44
2018 04 11 14 46 00 0.97 -3.27 1.33
2018 04 11 14 47 00 1.16 -3.08 1.37
2018 04 11 14 48 00 1.17 -3.26 1.00
2018 04 11 14 49 00 1.25 -3.13 1.20
2018 04 11 14 50 00 1.28 -3.11 1.26
2018 04 11 14 51 00 9999.99 9999.99 9999.99
2018 04 11 14 52 00 1.18 -3.20 1.03
2018 04 11 14 53 00 9999.99 9999.99 9999.99
2018 04 11 14 54 00 9999.99 9999.99 9999.99
2018 04 11 14 55 00 1.35 -3.07 1.16
2018 04 11 14 56 00 1.35 -3.07 1.16
2018 04 11 14 57 00 9999.99 9999.99 9999.99
2018 04 11 14 58 00 1.68 -2.84 1.20
2018 04 11 14 59 00 1.68 -2.84 1.19
2018 04 11 15 0 00 9999.99 9999.99 9999.99
2018 04 11 15 1 00 0.11 -2.93 1.88
2018 04 11 15 2 00 9999.99 9999.99 9999.99
2018 04 11 15 3 00 1.32 -2.42 1.32
2018 04 11 15 4 00 -0.43 -2.76 2.06
2018 04 11 15 5 00 1.18 -2.52 1.44
2018 04 11 15 6 00 1.56 -2.41 1.27
2018 04 11 15 7 00 0.29 -3.07 1.71
2018 04 11 15 8 00 2.60 -2.12 0.80
2018 04 11 15 9 00 -0.08 -2.82 1.86
2018 04 11 15 10 00 0.97 -2.22 1.52
2018 04 11 15 11 00 1.77 -2.20 1.30
2018 04 11 15 12 00 2.42 -1.96 0.91
2018 04 11 15 13 00 0.51 -2.77 1.98
2018 04 11 15 14 00 1.72 -2.34 1.11
2018 04 11 15 15 00 -0.17 -2.93 1.78
2018 04 11 15 16 00 1.39 -2.70 0.72
2018 04 11 15 17 00 0.38 -3.41 0.91
2018 04 11 15 18 00 1.12 -2.90 0.82
2018 04 11 15 19 00 -0.03 -3.30 0.93
2018 04 11 15 20 00 1.22 -2.77 0.70
2018 04 11 15 21 00 1.32 -2.76 0.74
2018 04 11 15 22 00 1.62 -2.56 0.91
2018 04 11 15 23 00 0.89 -2.99 0.48
2018 04 11 15 24 00 1.20 -3.03 0.57
2018 04 11 15 25 00 0.59 -3.20 0.40
2018 04 11 15 26 00 0.76 -2.80 0.71
2018 04 11 15 27 00 -0.36 -3.28 0.16
2018 04 11 15 28 00 0.22 -2.81 0.42
2018 04 11 15 29 00 0.81 -2.65 0.39
2018 04 11 15 30 00 0.06 -1.84 0.11
2018 04 11 15 31 00 0.24 -1.59 0.28
2018 04 11 15 32 00 0.60 -1.36 -0.16
2018 04 11 15 33 00 0.47 -1.88 -0.07
2018 04 11 15 34 00 0.18 -2.04 -0.45
2018 04 11 15 35 00 -0.10 -2.09 -0.50
2018 04 11 15 36 00 0.46 -2.11 -0.34
2018 04 11 15 37 00 -0.17 -2.39 -0.37
2018 04 11 15 38 00 0.08 -2.36 -0.14
2018 04 11 15 39 00 -0.58 -2.15 -0.44
2018 04 11 15 40 00 0.42 -2.92 -0.05
2018 04 11 15 41 00 0.83 -3.12 -0.12
2018 04 11 15 42 00 1.05 -3.20 -0.43
2018 04 11 15 43 00 1.16 -2.99 -0.02
2018 04 11 15 44 00 0.19 -3.27 -0.32
2018 04 11 15 45 00 0.36 -2.85 -0.32
2018 04 11 15 46 00 0.67 -2.90 -0.36
2018 04 11 15 47 00 0.40 -3.09 -0.22
2018 04 11 15 48 00 0.39 -2.88 -0.47
2018 04 11 15 49 00 0.03 -3.07 -0.45
2018 04 11 15 50 00 -0.01 -3.20 -0.59
2018 04 11 15 51 00 0.50 -3.18 -0.22
2018 04 11 15 52 00 -0.07 -3.12 -0.40
2018 04 11 15 53 00 0.63 -2.95 -0.57
2018 04 11 15 54 00 0.37 -3.09 -0.43
2018 04 11 15 55 00 -0.03 -3.13 -0.51
2018 04 11 15 56 00 0.17 -3.15 -0.52
2018 04 11 15 57 00 0.08 -3.14 -0.50
2018 04 11 15 58 00 0.20 -3.29 -0.19
2018 04 11 15 59 00 0.41 -3.13 -0.45
2018 04 11 16 0 00 0.38 -3.13 -0.43
2018 04 11 16 1 00 0.41 -3.21 -0.23
2018 04 11 16 2 00 0.22 -3.24 -0.10
2018 04 11 16 3 00 0.27 -3.10 0.31
2018 04 11 16 4 00 0.35 -3.17 0.04
2018 04 11 16 5 00 0.14 -3.19 0.24
2018 04 11 16 6 00 0.31 -3.11 0.12
2018 04 11 16 7 00 0.22 -3.05 0.48
2018 04 11 16 8 00 0.23 -2.96 0.19
2018 04 11 16 9 00 0.49 -2.93 -0.34
2018 04 11 16 10 00 0.38 -2.88 -0.89
2018 04 11 16 11 00 0.29 -2.88 -0.80
2018 04 11 16 12 00 0.08 -3.00 -0.51
2018 04 11 16 13 00 -0.31 -2.85 -0.74
2018 04 11 16 14 00 0.11 -2.86 -0.50
2018 04 11 16 15 00 -0.42 -2.84 -0.53
2018 04 11 16 16 00 -0.44 -2.87 -0.52
2018 04 11 16 17 00 -0.52 -2.79 -0.70
2018 04 11 16 18 00 -0.01 -2.88 -0.29
2018 04 11 16 19 00 -0.59 -2.86 -0.48
2018 04 11 16 20 00 0.10 -3.07 -0.47
2018 04 11 16 21 00 0.56 -3.03 -0.41
2018 04 11 16 22 00 0.47 -2.98 -0.60
2018 04 11 16 23 00 0.52 -3.00 -0.28
2018 04 11 16 24 00 0.30 -2.99 -0.30
2018 04 11 16 25 00 0.46 -2.90 -0.32
2018 04 11 16 26 00 -0.17 -3.12 -0.26
2018 04 11 16 27 00 -0.39 -2.71 -1.31
2018 04 11 16 28 00 0.01 -3.16 -0.95
2018 04 11 16 29 00 -0.26 -2.89 -0.95
2018 04 11 16 30 00 -0.32 -3.00 -0.13
2018 04 11 16 31 00 -0.29 -3.12 -0.14
2018 04 11 16 32 00 -0.06 -3.08 -0.16
2018 04 11 16 33 00 0.14 -3.32 0.15
2018 04 11 16 34 00 0.09 -3.41 0.09
2018 04 11 16 35 00 -0.64 -3.30 0.35
2018 04 11 16 36 00 -0.28 -3.03 1.00
2018 04 11 16 37 00 0.31 -2.16 2.16
2018 04 11 16 38 00 0.34 -2.04 2.24
2018 04 11 16 39 00 -0.42 -3.08 1.24
2018 04 11 16 40 00 -0.78 -3.20 0.38
2018 04 11 16 41 00 -0.95 -3.28 -0.23
2018 04 11 16 42 00 -1.16 -3.28 -0.60
2018 04 11 16 43 00 -1.65 -2.67 0.76
2018 04 11 16 44 00 -2.41 -1.53 1.22
2018 04 11 16 45 00 -2.86 -1.35 0.89
2018 04 11 16 46 00 -2.71 -1.66 0.59
2018 04 11 16 47 00 -2.56 -1.87 0.12
2018 04 11 16 48 00 -2.14 -2.33 -0.32
2018 04 11 16 49 00 -1.78 -2.73 0.17
2018 04 11 16 50 00 -1.79 -2.87 0.18
2018 04 11 16 51 00 -1.80 -2.85 -0.01
2018 04 11 16 52 00 -1.90 -2.77 -0.58
2018 04 11 16 53 00 -1.90 -2.77 -0.58
2018 04 11 16 54 00 -1.99 -2.77 -0.46
2018 04 11 16 55 00 -1.99 -2.77 -0.46
2018 04 11 16 56 00 -2.17 -2.54 -0.82
2018 04 11 16 57 00 9999.99 9999.99 9999.99
2018 04 11 16 58 00 -2.17 -2.51 -1.22
2018 04 11 16 59 00 9999.99 9999.99 9999.99
2018 04 11 17 0 00 -2.03 -2.41 -1.30
2018 04 11 17 1 00 9999.99 9999.99 9999.99
2018 04 11 17 2 00 -1.73 -2.50 -0.64
2018 04 11 17 3 00 -1.78 -2.59 -0.91
2018 04 11 17 4 00 -1.78 -2.59 -0.91
2018 04 11 17 5 00 -1.53 -2.83 0.46
2018 04 11 17 6 00 -1.22 -2.84 0.71
2018 04 11 17 7 00 -1.10 -3.15 0.64
2018 04 11 17 8 00 -1.53 -2.44 1.42
2018 04 11 17 9 00 -1.94 -2.41 1.04
2018 04 11 17 10 00 -1.71 -2.84 -0.31
2018 04 11 17 11 00 -1.24 -2.83 0.95
2018 04 11 17 12 00 -0.93 -3.21 -0.53
2018 04 11 17 13 00 -0.36 -2.51 -1.32
2018 04 11 17 14 00 -1.04 -2.85 -1.03
2018 04 11 17 15 00 -1.26 -3.01 -0.71
2018 04 11 17 16 00 -1.35 -2.76 -1.22
2018 04 11 17 17 00 -0.75 -3.08 -0.92
2018 04 11 17 18 00 -0.60 -3.23 -0.88
2018 04 11 17 19 00 -0.48 -3.02 -0.95
2018 04 11 17 20 00 0.78 -2.32 -1.22
2018 04 11 17 21 00 -0.15 -2.85 -0.61
2018 04 11 17 22 00 -0.25 -2.73 -1.05
2018 04 11 17 23 00 -0.58 -2.81 -1.11
2018 04 11 17 24 00 -0.73 -2.94 -0.66
2018 04 11 17 25 00 -0.90 -2.90 -0.40
2018 04 11 17 26 00 -0.78 -2.74 -0.63
2018 04 11 17 27 00 -0.01 -2.84 0.07
2018 04 11 17 28 00 0.12 -2.75 0.45
2018 04 11 17 29 00 1.43 -2.36 0.52
2018 04 11 17 30 00 1.18 -2.55 -0.05
2018 04 11 17 31 00 0.76 -2.78 0.53
2018 04 11 17 32 00 0.87 -2.78 -0.21
2018 04 11 17 33 00 0.56 -3.04 -0.17
2018 04 11 17 34 00 0.27 -3.08 -0.58
2018 04 11 17 35 00 0.46 -2.84 0.21
2018 04 11 17 36 00 0.28 -2.51 0.64
2018 04 11 17 37 00 0.61 -2.46 0.92
2018 04 11 17 38 00 0.83 -2.46 0.95
2018 04 11 17 39 00 0.97 -2.49 0.49
2018 04 11 17 40 00 0.92 -2.51 0.92
2018 04 11 17 41 00 1.12 -2.40 0.72
2018 04 11 17 42 00 1.09 -2.37 0.98
2018 04 11 17 43 00 1.35 -2.10 1.05
2018 04 11 17 44 00 0.97 -2.28 1.58
2018 04 11 17 45 00 0.57 -2.34 1.52
2018 04 11 17 46 00 0.64 -2.29 1.65
2018 04 11 17 47 00 1.41 -1.53 1.54
2018 04 11 17 48 00 1.37 -1.76 1.67
2018 04 11 17 49 00 1.09 -1.72 1.46
2018 04 11 17 50 00 1.35 -1.77 1.62
2018 04 11 17 51 00 1.02 -1.66 1.61
2018 04 11 17 52 00 1.21 -1.77 1.62
2018 04 11 17 53 00 1.36 -1.76 1.08
2018 04 11 17 54 00 1.01 -1.87 1.47
2018 04 11 17 55 00 1.27 -2.05 0.21
2018 04 11 17 56 00 1.18 -1.77 1.23
2018 04 11 17 57 00 1.09 -1.79 1.34
2018 04 11 17 58 00 1.06 -1.82 1.35
2018 04 11 17 59 00 1.57 -1.60 0.78
2018 04 11 18 0 00 1.29 -1.64 1.33
2018 04 11 18 1 00 1.39 -1.22 1.47
2018 04 11 18 2 00 1.51 -1.34 1.47
2018 04 11 18 3 00 1.73 -1.25 1.04
2018 04 11 18 4 00 1.26 -1.85 1.30
2018 04 11 18 5 00 1.70 -1.87 0.66
2018 04 11 18 6 00 1.24 -1.95 0.41
2018 04 11 18 7 00 1.25 -1.93 0.21
2018 04 11 18 8 00 1.28 -2.03 -0.04
2018 04 11 18 9 00 1.05 -2.01 0.20
2018 04 11 18 10 00 0.90 -2.18 0.19
2018 04 11 18 11 00 0.90 -2.01 0.23
2018 04 11 18 12 00 1.18 -1.86 0.51
2018 04 11 18 13 00 1.07 -1.90 0.47
2018 04 11 18 14 00 1.19 -1.93 0.35
2018 04 11 18 15 00 1.70 -1.85 0.53
2018 04 11 18 16 00 1.80 -1.70 1.00
2018 04 11 18 17 00 9999.99 9999.99 9999.99
2018 04 11 18 18 00 1.95 -1.57 0.94
2018 04 11 18 19 00 1.84 -1.71 0.91
2018 04 11 18 20 00 2.29 -1.26 0.63
2018 04 11 18 21 00 2.04 -1.39 0.74
2018 04 11 18 22 00 1.85 -1.37 0.96
2018 04 11 18 23 00 2.39 -1.18 0.47
2018 04 11 18 24 00 2.60 -1.24 0.41
2018 04 11 18 25 00 2.66 -1.11 0.26
2018 04 11 18 26 00 2.75 -0.74 0.52
2018 04 11 18 27 00 9999.99 9999.99 9999.99
2018 04 11 18 28 00 2.73 -0.74 0.54
2018 04 11 18 29 00 9999.99 9999.99 9999.99
2018 04 11 18 30 00 2.66 -0.70 0.56
2018 04 11 18 31 00 9999.99 9999.99 9999.99
2018 04 11 18 32 00 2.60 -0.83 0.58
2018 04 11 18 33 00 2.64 -0.56 0.65
2018 04 11 18 34 00 9999.99 9999.99 9999.99
2018 04 11 18 35 00 2.64 -0.57 0.68
2018 04 11 18 36 00 2.61 -0.68 0.67
2018 04 11 18 37 00 2.60 -0.64 0.73
2018 04 11 18 38 00 2.60 -0.64 0.73
2018 04 11 18 39 00 1.87 -1.98 0.60
2018 04 11 18 40 00 1.70 -2.32 0.66
2018 04 11 18 41 00 1.51 -2.47 0.40
2018 04 11 18 42 00 1.25 -2.86 0.22
2018 04 11 18 43 00 1.55 -2.44 0.34
2018 04 11 18 44 00 1.43 -2.40 0.56
2018 04 11 18 45 00 0.86 -2.33 0.91
2018 04 11 18 46 00 0.51 -2.32 1.04
2018 04 11 18 47 00 0.90 -2.66 0.79
2018 04 11 18 48 00 1.60 -2.09 0.05
2018 04 11 18 49 00 1.63 -2.09 0.41
2018 04 11 18 50 00 1.22 -2.47 0.45
2018 04 11 18 51 00 1.09 -2.57 0.25
2018 04 11 18 52 00 1.35 -2.24 0.16
2018 04 11 18 53 00 1.16 -2.56 -0.16
2018 04 11 18 54 00 1.22 -2.42 0.14
2018 04 11 18 55 00 1.23 -2.42 0.09
2018 04 11 18 56 00 1.54 -2.33 0.13
2018 04 11 18 57 00 2.19 -1.67 0.13
2018 04 11 18 58 00 2.20 -1.65 0.17
2018 04 11 18 59 00 1.61 -2.20 -0.02
2018 04 11 19 0 00 1.68 -1.91 0.33
2018 04 11 19 1 00 0.96 -2.21 0.14
2018 04 11 19 2 00 0.36 -2.44 0.30
2018 04 11 19 3 00 0.82 -2.25 0.59
2018 04 11 19 4 00 1.42 -1.72 0.83
2018 04 11 19 5 00 9999.99 9999.99 9999.99
2018 04 11 19 6 00 0.86 -2.08 0.96
2018 04 11 19 7 00 0.33 -2.33 0.75
2018 04 11 19 8 00 0.61 -2.12 0.74
2018 04 11 19 9 00 0.73 -2.28 0.94
2018 04 11 19 10 00 0.39 -2.18 1.07
2018 04 11 19 11 00 0.96 -1.98 1.08
2018 04 11 19 12 00 0.80 -1.71 0.84
2018 04 11 19 13 00 0.86 -1.79 0.80
2018 04 11 19 14 00 1.03 -1.92 0.88
2018 04 11 19 15 00 0.76 -1.92 0.75
2018 04 11 19 16 00 0.91 -2.00 1.02
2018 04 11 19 17 00 0.53 -2.11 0.92
2018 04 11 19 18 00 -0.10 -2.89 0.21
2018 04 11 19 19 00 0.24 -3.04 -0.02
2018 04 11 19 20 00 0.92 -2.31 0.59
2018 04 11 19 21 00 -0.01 -2.89 0.02
2018 04 11 19 22 00 0.11 -2.88 0.35
2018 04 11 19 23 00 -0.08 -2.83 0.39
2018 04 11 19 24 00 -0.31 -2.79 0.80
2018 04 11 19 25 00 -0.61 -2.75 0.82
2018 04 11 19 26 00 -0.68 -2.67 0.87
2018 04 11 19 27 00 -0.88 -2.41 1.07
2018 04 11 19 28 00 -0.93 -2.32 1.16
2018 04 11 19 29 00 -0.95 -2.21 1.33
2018 04 11 19 30 00 -1.31 -2.21 1.25
2018 04 11 19 31 00 -1.26 -2.31 1.13
2018 04 11 19 32 00 -1.59 -1.99 1.01
2018 04 11 19 33 00 -1.62 -2.09 0.67
2018 04 11 19 34 00 -1.58 -2.12 0.28
2018 04 11 19 35 00 -1.33 -2.33 0.43
2018 04 11 19 36 00 -1.44 -2.31 0.17
2018 04 11 19 37 00 -1.48 -2.29 0.29
2018 04 11 19 38 00 -1.08 -2.46 0.19
2018 04 11 19 39 00 -0.71 -2.46 -0.03
2018 04 11 19 40 00 -0.31 -2.10 -0.24
2018 04 11 19 41 00 -0.63 -1.15 -1.58
2018 04 11 19 42 00 -0.42 -1.78 -1.00
2018 04 11 19 43 00 -0.10 -2.78 -0.68
2018 04 11 19 44 00 0.78 -2.74 0.08
2018 04 11 19 45 00 9999.99 9999.99 9999.99
2018 04 11 19 46 00 9999.99 9999.99 9999.99
2018 04 11 19 47 00 9999.99 9999.99 9999.99
2018 04 11 19 48 00 0.06 -1.77 0.56
2018 04 11 19 49 00 0.06 -1.77 0.56
2018 04 11 19 50 00 9999.99 9999.99 9999.99
2018 04 11 19 51 00 -0.96 -1.42 -0.11
2018 04 11 19 52 00 9999.99 9999.99 9999.99
2018 04 11 19 53 00 9999.99 9999.99 9999.99
2018 04 11 19 54 00 9999.99 9999.99 9999.99
2018 04 11 19 55 00 9999.99 9999.99 9999.99
2018 04 11 19 56 00 -0.25 -1.62 0.28
2018 04 11 19 57 00 -0.25 -1.62 0.28
2018 04 11 19 58 00 9999.99 9999.99 9999.99
2018 04 11 19 59 00 9999.99 9999.99 9999.99
2018 04 11 20 0 00 9999.99 9999.99 9999.99
2018 04 11 20 1 00 9999.99 9999.99 9999.99
2018 04 11 20 2 00 9999.99 9999.99 9999.99
2018 04 11 20 3 00 9999.99 9999.99 9999.99
2018 04 11 20 4 00 9999.99 9999.99 9999.99
2018 04 11 20 5 00 -0.23 -1.80 0.40
2018 04 11 20 6 00 9999.99 9999.99 9999.99
2018 04 11 20 7 00 9999.99 9999.99 9999.99
2018 04 11 20 8 00 9999.99 9999.99 9999.99
2018 04 11 20 9 00 9999.99 9999.99 9999.99
2018 04 11 20 10 00 9999.99 9999.99 9999.99
2018 04 11 20 11 00 9999.99 9999.99 9999.99
2018 04 11 20 12 00 9999.99 9999.99 9999.99
2018 04 11 20 13 00 9999.99 9999.99 9999.99
2018 04 11 20 14 00 -0.43 -1.95 0.54
2018 04 11 20 15 00 -0.75 -1.98 0.04
2018 04 11 20 16 00 -0.95 -1.64 -0.30
2018 04 11 20 17 00 -1.09 -1.52 -0.40
2018 04 11 20 18 00 -1.46 -1.76 -0.57
2018 04 11 20 19 00 -1.54 -1.73 -0.62
2018 04 11 20 20 00 -1.70 -1.70 -0.75
2018 04 11 20 21 00 -1.92 -1.95 -0.38
2018 04 11 20 22 00 -1.86 -2.21 -0.83
2018 04 11 20 23 00 -1.90 -2.37 -0.71
2018 04 11 20 24 00 -1.92 -2.40 -0.63
2018 04 11 20 25 00 -1.90 -2.18 -0.80
2018 04 11 20 26 00 -1.61 -1.93 -1.09
2018 04 11 20 27 00 -1.75 -2.19 -1.12
2018 04 11 20 28 00 -1.57 -2.17 -1.51
2018 04 11 20 29 00 -1.73 -2.14 -1.10
2018 04 11 20 30 00 -1.82 -2.11 -0.90
2018 04 11 20 31 00 -2.05 -2.24 -0.19
2018 04 11 20 32 00 -2.16 -2.38 -0.00
2018 04 11 20 33 00 -1.81 -2.44 -0.56
2018 04 11 20 34 00 -1.68 -2.30 -0.65
2018 04 11 20 35 00 -1.74 -2.39 -0.65
2018 04 11 20 36 00 -1.78 -2.48 0.00
2018 04 11 20 37 00 -1.87 -2.57 0.03
2018 04 11 20 38 00 -1.85 -2.59 0.04
2018 04 11 20 39 00 -1.92 -2.51 -0.17
2018 04 11 20 40 00 -1.91 -2.33 -0.26
2018 04 11 20 41 00 -1.89 -2.17 -0.54
2018 04 11 20 42 00 -2.08 -1.74 -0.67
2018 04 11 20 43 00 -2.10 -1.62 -0.59
2018 04 11 20 44 00 -2.04 -1.31 -0.55
2018 04 11 20 45 00 -1.96 -1.25 -0.71
2018 04 11 20 46 00 -1.71 -1.47 -0.90
2018 04 11 20 47 00 -1.96 -1.06 -0.47
2018 04 11 20 48 00 -2.05 -1.09 -0.71
2018 04 11 20 49 00 -1.92 -1.08 -0.80
2018 04 11 20 50 00 -1.98 -0.89 -0.85
2018 04 11 20 51 00 -1.82 -0.74 -0.99
2018 04 11 20 52 00 -1.80 -0.73 -0.98
2018 04 11 20 53 00 -2.17 -0.98 -0.68
2018 04 11 20 54 00 -2.37 -1.28 -0.64
2018 04 11 20 55 00 -2.35 -1.26 -0.58
2018 04 11 20 56 00 -2.40 -1.50 -0.59
2018 04 11 20 57 00 -2.36 -1.34 -0.64
2018 04 11 20 58 00 -2.27 -1.24 -0.76
2018 04 11 20 59 00 -2.37 -2.14 -0.50
2018 04 11 21 0 00 -1.93 -2.19 -0.89
2018 04 11 21 1 00 -2.02 -2.35 -0.51
2018 04 11 21 2 00 -2.20 -2.10 -1.38
2018 04 11 21 3 00 -2.18 -2.01 -1.50
2018 04 11 21 4 00 -2.22 -2.04 -1.48
2018 04 11 21 5 00 -2.25 -1.84 -1.12
2018 04 11 21 6 00 -2.15 -1.70 -1.03
2018 04 11 21 7 00 -2.12 -1.65 -1.27
2018 04 11 21 8 00 -1.87 -1.53 -1.94
2018 04 11 21 9 00 -1.94 -1.70 -1.78
2018 04 11 21 10 00 -1.56 -1.33 -2.20
2018 04 11 21 11 00 -1.53 -1.22 -2.27
2018 04 11 21 12 00 -1.47 -1.43 -2.14
2018 04 11 21 13 00 -1.14 -0.96 -2.66
2018 04 11 21 14 00 -1.05 -1.11 -2.54
2018 04 11 21 15 00 -1.15 -0.80 -2.66
2018 04 11 21 16 00 -1.06 -0.46 -2.76
2018 04 11 21 17 00 -1.22 -1.15 -2.09
2018 04 11 21 18 00 0.33 1.13 -1.91
2018 04 11 21 19 00 0.64 1.78 -2.00
2018 04 11 21 20 00 0.17 0.84 -2.58
2018 04 11 21 21 00 -0.40 -0.29 -2.91
2018 04 11 21 22 00 -0.70 -0.55 -3.04
2018 04 11 21 23 00 -1.30 -1.26 -2.89
2018 04 11 21 24 00 -1.85 -1.84 -2.94
2018 04 11 21 25 00 -1.61 -1.64 -2.99
2018 04 11 21 26 00 -1.99 -2.02 -2.66
2018 04 11 21 27 00 -1.93 -2.04 -2.88
2018 04 11 21 28 00 -1.78 -1.88 -2.54
2018 04 11 21 29 00 -2.01 -1.99 -2.62
2018 04 11 21 30 00 -2.01 -2.07 -2.33
2018 04 11 21 31 00 -2.01 -2.23 -1.40
2018 04 11 21 32 00 -2.27 -2.16 -0.15
2018 04 11 21 33 00 -2.39 -2.00 0.32
2018 04 11 21 34 00 -2.32 -1.77 0.63
2018 04 11 21 35 00 -1.93 -2.38 -0.23
2018 04 11 21 36 00 -1.81 -2.51 0.14
2018 04 11 21 37 00 -1.87 -2.38 -0.42
2018 04 11 21 38 00 -1.94 -2.61 -1.07
2018 04 11 21 39 00 -2.19 -2.39 -1.34
2018 04 11 21 40 00 -1.97 -2.42 -1.44
2018 04 11 21 41 00 -1.83 -2.47 -1.49
2018 04 11 21 42 00 -2.10 -2.44 -1.31
2018 04 11 21 43 00 -2.06 -2.46 -1.49
2018 04 11 21 44 00 -2.05 -2.34 -1.69
2018 04 11 21 45 00 -2.15 -2.34 -1.78
2018 04 11 21 46 00 -2.10 -2.29 -1.75
2018 04 11 21 47 00 -1.99 -2.31 -1.78
2018 04 11 21 48 00 -1.98 -2.37 -1.69
2018 04 11 21 49 00 -1.68 -2.29 -2.12
2018 04 11 21 50 00 -1.61 -2.25 -2.26
2018 04 11 21 51 00 -1.73 -2.30 -2.12
2018 04 11 21 52 00 -1.68 -2.35 -1.97
2018 04 11 21 53 00 -1.64 -2.32 -2.09
2018 04 11 21 54 00 -1.67 -2.31 -2.12
2018 04 11 21 55 00 -1.54 -2.21 -2.28
2018 04 11 21 56 00 -1.46 -2.32 -2.22
2018 04 11 21 57 00 -1.20 -2.46 -2.29
2018 04 11 21 58 00 -1.32 -2.42 -2.27
2018 04 11 21 59 00 -1.26 -2.35 -2.40
2018 04 11 22 0 00 -1.85 -2.45 -1.88
2018 04 11 22 1 00 -1.90 -2.41 -1.72
2018 04 11 22 2 00 -1.98 -2.29 -1.51
2018 04 11 22 3 00 -1.79 -2.14 -1.52
2018 04 11 22 4 00 -2.28 -2.03 -0.55
2018 04 11 22 5 00 -2.56 -1.85 0.98
2018 04 11 22 6 00 -2.70 -2.20 0.42
2018 04 11 22 7 00 -2.75 -1.91 -0.34
2018 04 11 22 8 00 -2.75 -2.01 -0.10
2018 04 11 22 9 00 -2.75 -2.08 -0.09
2018 04 11 22 10 00 -2.79 -2.17 -0.18
2018 04 11 22 11 00 -2.85 -2.16 -0.18
2018 04 11 22 12 00 9999.99 9999.99 9999.99
2018 04 11 22 13 00 9999.99 9999.99 9999.99
2018 04 11 22 14 00 -2.86 -2.20 -0.23
2018 04 11 22 15 00 -2.88 -2.24 -0.36
2018 04 11 22 16 00 -2.84 -2.26 -0.33
2018 04 11 22 17 00 -2.89 -2.23 -0.57
2018 04 11 22 18 00 -2.86 -2.20 -0.70
2018 04 11 22 19 00 -2.78 -2.21 -0.78
2018 04 11 22 20 00 -2.75 -2.24 -0.72
2018 04 11 22 21 00 -2.50 -2.17 -1.42
2018 04 11 22 22 00 -2.38 -1.94 -1.73
2018 04 11 22 23 00 -2.20 -1.59 -2.44
2018 04 11 22 24 00 -2.23 -1.94 -2.34
2018 04 11 22 25 00 -2.26 -2.10 -1.86
2018 04 11 22 26 00 -2.28 -2.09 -1.70
2018 04 11 22 27 00 -2.36 -2.05 -1.77
2018 04 11 22 28 00 -2.31 -1.95 -1.87
2018 04 11 22 29 00 -2.21 -1.91 -1.82
2018 04 11 22 30 00 -2.36 -2.12 -1.51
2018 04 11 22 31 00 -2.42 -2.16 -1.32
2018 04 11 22 32 00 -2.39 -2.12 -1.31
2018 04 11 22 33 00 -2.60 -2.24 -0.81
2018 04 11 22 34 00 -2.89 -1.86 -1.22
2018 04 11 22 35 00 -2.85 -1.98 -1.19
2018 04 11 22 36 00 -2.96 -2.03 -0.98
2018 04 11 22 37 00 -2.95 -1.97 -1.12
2018 04 11 22 38 00 -2.88 -2.05 -1.21
2018 04 11 22 39 00 -2.67 -2.53 -0.81
2018 04 11 22 40 00 -2.49 -2.52 -1.37
2018 04 11 22 41 00 -2.54 -2.73 -0.73
2018 04 11 22 42 00 -2.70 -2.57 -0.54
2018 04 11 22 43 00 -2.69 -2.47 -0.74
2018 04 11 22 44 00 -2.69 -2.45 -0.90
2018 04 11 22 45 00 -2.87 -2.24 0.22
2018 04 11 22 46 00 -2.75 -2.35 0.08
2018 04 11 22 47 00 -2.18 -2.42 -1.10
2018 04 11 22 48 00 -1.59 -2.47 -1.18
2018 04 11 22 49 00 -2.10 -2.51 -0.80
2018 04 11 22 50 00 -2.12 -2.46 -0.61
2018 04 11 22 51 00 -2.23 -2.30 -0.54
2018 04 11 22 52 00 -2.47 -2.37 -0.42
2018 04 11 22 53 00 -2.95 -1.97 0.11
2018 04 11 22 54 00 -2.95 -2.00 0.16
2018 04 11 22 55 00 -3.19 -2.16 0.39
2018 04 11 22 56 00 -3.28 -2.12 0.30
2018 04 11 22 57 00 -3.38 -2.01 0.31
2018 04 11 22 58 00 -3.46 -1.93 0.29
2018 04 11 22 59 00 -3.17 -2.15 0.40
2018 04 11 23 0 00 9999.99 9999.99 9999.99
2018 04 11 23 1 00 -3.18 -2.19 0.41
2018 04 11 23 2 00 -3.17 -2.24 0.46
2018 04 11 23 3 00 -3.12 -2.22 0.37
2018 04 11 23 4 00 -3.09 -2.23 0.29
2018 04 11 23 5 00 -2.62 -2.19 0.44
2018 04 11 23 6 00 -2.72 -2.10 0.75
2018 04 11 23 7 00 -2.94 -2.36 0.60
2018 04 11 23 8 00 -3.07 -2.53 0.26
2018 04 11 23 9 00 -3.12 -2.65 0.26
2018 04 11 23 10 00 -3.13 -2.60 0.33
2018 04 11 23 11 00 -2.95 -2.67 0.13
2018 04 11 23 12 00 -2.37 -2.53 -0.18
2018 04 11 23 13 00 -1.49 -2.78 -0.80
2018 04 11 23 14 00 -1.52 -2.68 -0.82
2018 04 11 23 15 00 0.28 -2.50 -1.80
2018 04 11 23 16 00 0.30 -2.67 -1.52
2018 04 11 23 17 00 -0.09 -2.50 -1.82
2018 04 11 23 18 00 0.31 -2.52 -1.73
2018 04 11 23 19 00 0.83 -2.28 -1.91
2018 04 11 23 20 00 0.69 -2.27 -1.91
2018 04 11 23 21 00 0.40 -2.08 -2.11
2018 04 11 23 22 00 0.57 -2.39 -1.80
2018 04 11 23 23 00 0.48 -2.43 -1.77
2018 04 11 23 24 00 9999.99 9999.99 9999.99
2018 04 11 23 25 00 0.39 -2.34 -1.92
2018 04 11 23 26 00 1.79 -1.07 -1.94
2018 04 11 23 27 00 2.97 0.25 -2.01
2018 04 11 23 28 00 3.21 0.58 -1.87
2018 04 11 23 29 00 4.06 2.16 -1.69
2018 04 11 23 30 00 4.02 2.08 -1.79
2018 04 11 23 31 00 3.98 2.13 -1.75
2018 04 11 23 32 00 3.95 2.30 -1.77
2018 04 11 23 33 00 3.88 2.03 -1.78
2018 04 11 23 34 00 3.79 1.11 -1.87
2018 04 11 23 35 00 3.63 1.48 -1.73
2018 04 11 23 36 00 3.61 1.52 -1.74
2018 04 11 23 37 00 3.42 1.78 -1.81
2018 04 11 23 38 00 3.49 1.71 -1.79
2018 04 11 23 39 00 3.69 1.46 -1.63
2018 04 11 23 40 00 3.86 1.47 -1.68
2018 04 11 23 41 00 3.94 0.75 -2.24
2018 04 11 23 42 00 4.00 0.90 -2.33
2018 04 11 23 43 00 9999.99 9999.99 9999.99
2018 04 11 23 44 00 9999.99 9999.99 9999.99
2018 04 11 23 45 00 3.86 0.82 -2.40
2018 04 11 23 46 00 3.87 0.69 -2.45
2018 04 11 23 47 00 3.80 0.79 -2.40
2018 04 11 23 48 00 3.70 0.59 -2.49
2018 04 11 23 49 00 3.67 0.40 -2.43
2018 04 11 23 50 00 3.75 0.61 -2.19
2018 04 11 23 51 00 3.82 1.19 -1.80
2018 04 11 23 52 00 3.77 1.17 -1.97
2018 04 11 23 53 00 3.63 1.05 -2.06
2018 04 11 23 54 00 3.74 0.39 -1.86
2018 04 11 23 55 00 3.80 0.14 -1.73
2018 04 11 23 56 00 3.77 0.08 -1.83
2018 04 11 23 57 00 3.88 0.91 -1.88
2018 04 11 23 58 00 3.95 0.79 -1.88
2018 04 11 23 59 00 4.05 0.57 -1.79
